-7391
-19720
4333
-15607
-18506
-10663
5571
18588
-8515
14184
17612
12646
18718
16372
-10522
-2699
9091
-12245
8463
-15606
-19471
-2641
-10462
13149
-14804
4916
10163
14717
-10914
-6377
-5443
16024
-18342
15009
17975
13090
-18758
-13680
-17562
-553
-839
-2932
-2389
5135
-17642
4815
-8985
12580
-2353
10238
14373
-12365
-8049
1937
-3983
12828
15828
13283
12876
15563
12814
7590
-3850
-3619
-11639
19179
9328
17055
-13735
16086
-14343
-16298
5163
-11142
-9771
6163
-14537
-13306
-5658
-3149
-2441
17088
9542
-13412
6537
14209
-1562
-8585
6849
-16194
13639
-7880
2146
8476
-6018
7940
-10763
3456
-15713
-17502
-355
9464
13619
-110
-1384
13793
16458
-13681
-14368
-2102
7462
17715
-7428
1073
11053
-5731
7729
-10029
-8853
17506
-15427
12926
16025
-19889
9652
-19758
-8268
-1320
-18169
11893
17077
-7326
-11205
-6373
-12045
-14271
6190
-14686
-3488
-11208
-5301
18824
3084
-18294
16227
-19260
697
7947
4346
-10096
7152
-11240
17818
-16434
12885
5690
11929
14254
16743
4263
-13125
-6012
-12771
-17749
3390
10319
5810
15882
-4130
4463
-954
-4819
-1311
9805
253
5950
-540
7490
16875
882
1244
18426
-5554
-11681
-13749
-14988
-4291
-17971
18487
19677
-5966
-5813
8431
-4855
-14230
3938
-10564
-17929
4523
5507
1832
7259
6826
2718
-2584
6664
10941
-5646
-18245
35
792
-2765
2194
2174
4834
10560
-357
-8019
-9147
11386
-6383
1352
10470
-6120
10410
-8008
-11622
132
-19514
19203
-17646
8510
-5835
7926
-3309
-13519
1002
1666
1792
14468
-9372
-1219
-14209
4625
17956
12305
-17672
19067
6351
16404
16203
-13948
-13209
-8016
9761
7901
953
-11841
16461
8682
-10402
9340
-18990
-10188
-13966
17422
-17270
-17947
14634
14726
11467
-18438
-8179
15821
8808
12071
-3868
-8734
-3247
-17097
-15545
-14231
5599
-4483
-15902
-196
15070
-7905
16869
3906
10343
17561
14837
9017
-19766
17060
17322
6522
16768
6593
4903
11172
6725
17953
-6068
19220
-1744
18808
17463
-2403
15981
-7172
4556
12554
6869
-5366
1931
1924
1706
-1108
8022
-13970
-9137
-16089
3763
-3460
-11476
-6065
4459
17364
-16306
7551
-9356
-9041
-16231
-2522
6333
14199
-13463
-16171
-7591
727
5906
2369
4021
-15109
-15419
18909
-15956
-15298
4031
-9856
-10626
-3586
8700
-13050
806
14908
-16477
17324
-2870
5130
16437
5791
-8561
15936
564
3506
14713
-9077
13117
6946
3266
13437
-10491
19195
-15509
7215
-8322
17887
19745
9080
13069
10763
-1217
2818
11147
15659
9356
-18266
9924
-7471
-10881
4080
-308
-5110
-16108
-13868
-16456
-15163
15680
-17571
11199
17984
5662
-16214
-11829
-14980
-3865
-12046
-10052
-19012
-16560
9067
1577
-582
9169
-13039
-563
3078
1701
14072
12033
-13129
-18699
9626
8829
9514
-12849
-19362
11081
-17569
-13442
-476
-15590
16720
11080
4805
-9081
-15837
-6289
-6650
-5903
-15391
319
4957
-2951
3439
-11630
-17992
-1986
-3750
6360
12780
-6501
5574
-6176
5587
11264
4815
7981
5646
9722
7493
-15298
-5198
5302
-16112
13268
-19801
7594
15414
19067
5638
1668
-13665
3357
13008
17605
-13571
-13065
16
93
-9363
-3024
-7250
-13052
-6327
-1303
-19884
-5961
2027
9380
8836
-1924
15803
10421
-2442
17376
-17601
1272
13304
17527
19948
6629
-13755
-2402
-19463
12563
-11825
7124
-874
11996
-14699
10714
17291
-17666
15699
-1895
13541
-16063
-12326
-6470
-8604
5033
5258
19927
9836
8852
-74
5808
10885
-8951
-12646
18863
-15141
6322
-8541
-83
5891
17056
7528
14345
2830
-4574
-17973
-18937
-17990
-10987
-13157
-4344
-8172
-4154
15290
4435
-7360
-825
211
16645
-7128
-15546
-7804
4028
-1269
-3011
19778
-4790
-6897
-14569
-8391
18583
-4282
6604
-4772
-16991
-10133
2242
-17637
4730
18351
-19778
-12206
2199
13661
1497
17361
10392
-17634
-11114
14051
5401
14841
15465
-5041
13025
-7874
-19181
-14516
-3594
-14408
5078
19087
183
-8790
1752
14196
-11132
19685
10257
16308
3854
-15183
17963
12979
13378
-15230
9685
7868
-991
-14119
-17942
14232
3592
17431
-10245
-4563
-3673
-7269
-16721
-7181
997
11467
-8491
13336
16885
12119
202
-2928
-5662
16095
-2923
-13334
10665
1098
-2750
16868
-17057
-2037
-10539
6340
7028
2173
-2591
14509
11030
-10674
11865
143
-19512
6534
-10685
1109
913
14304
2072
16850
-17439
18853
1700
-14770
-16064
15573
7315
10318
15040
-11196
18012
7302
19214
-15149
-11960
12113
14216
11496
10979
15117
-13554
5650
-6108
-1981
-1723
-4638
10120
11235
-11484
4737
-8209
-6401
12142
-12785
17839
7204
9038
-19282
8233
4203
-18871
14692
-4080
-17713
-2363
14118
9204
8812
16679
-16644
-10463
-2735
7794
16861
1996
13173
12535
-4797
-11416
-10934
-8461
-18728
16149
-7456
17354
-2901
-17224
14787
-18807
-19559
15035
-2716
10237
-1900
-14411
2975
15099
10521
8358
15478
3789
17221
2131
-8501
18661
-17310
4869
-14978
-17884
-10980
7812
10420
7639
8476
-8409
6299
-3132
4074
4963
6218
11403
-19057
-3667
9359
-19503
17367
-18904
5392
-18930
-3384
10453
-13125
-9620
10795
7062
14554
-8544
-6707
-15508
9140
10692
-13588
13256
-3375
1071
-1755
-9065
10262
-15547
16288
7375
8241
8789
9829
-18964
-19569
5289
12628
514
-4641
9284
1662
7914
-11363
1744
9136
-15175
1272
6234
-7838
10679
-1619
13344
-12192
-15622
-16352
12789
7274
-6526
-2852
11156
9532
-2698
-16267
-7581
6325
11114
-9295
10835
-5402
-7391
19742
15931
13386
-10384
1453
18432
-18626
19620
120
-14946
12656
17154
-13516
-16767
-16747
-2299
17169
-2971
6323
12158
-13459
14962
-1919
-18993
-3935
-19591
-8736
11788
11888
-13236
-9149
-1192
18951
-14045
-6309
-13454
-7825
8680
2758
15935
15795
-4447
9431
-4652
8386
11474
-5324
-14911
-5875
-18079
16150
-6096
10303
7622
15118
5060
14789
-1263
4322
-7844
-13248
6540
12768
-9524
-3250
-17544
6074
-8665
-14299
-8473
-4883
-2727
16949
12683
-7888
-12584
2468
-12987
-2350
9462
9875
-13129
14324
-14754
-11173
-4069
3937
1528
1614
-2758
4569
17685
16273
-4493
11602
-4266
-4610
-18974
-3966
16275
4153
-15703
15917
-7355
-7410
13787
-9497
-17918
-15213
-12381
3797
14546
4351
-19789
17212
-11648
-6324
-17877
1849
19194
18900
-4582
-10169
6752
-19999
-13451
13403
-2638
12855
4859
716
-18606
14451
-11143
8155
-17763
15939
8337
-1885
17290
14649
-14216
4366
17785
-8432
11938
-16280
18478
1561
-11650
-5540
17553
-12598
-17434
9598
19127
1734
-7701
-645
4200
-1660
7258
-9783
9174
-9473
-12140
-14840
-1459
5012
-4078
-15738
15853
7540
13262
85
17242
-15252
7383
5674
-3364
-14684
-12579
-585
-3753
599
1471
8130
16477
19207
-13808
8716
-16145
-18455
2681
-11068
-14263
895
13676
640
-6600
-7219
11567
17906
7868
-787
-5776
18410
-18269
-12933
-5085
8277
-7017
-9121
3311
5350
518
-15715
-6571
1182
-6723
-19224
-12868
-11374
5087
-10782
-13039
2653
-7587
16283
-8060
-5195
-5046
-16750
-16843
-4377
2022
-9508
6567
18748
-11208
-16565
-9980
-12477
6599
-14306
16319
10819
-5811
3948
17619
12555
17458
-328
-6897
-7469
-17515
-7082
-2150
9865
11149
-1791
4236
-18742
15449
4688
-11953
-16494
-11818
-7358
4546
-16458
-7031
-6420
-18137
-15425
1849
1373
-17340
-8325
-8955
-17881
-18886
15594
9181
7768
19751
-668
-17741
-16493
4276
-14583
8589
8599
-3782
16997
16594
-7849
-4610
-3298
11905
-14543
-17351
-12209
-2121
17909
-9485
-10347
1704
19200
-9159
891
-3838
11326
10878
-8147
5416
13359
17438
-5252
-11046
3007
4905
9193
808
-18313
-3194
16681
-1304
-12149
39
-16109
-18762
16699
-12281
7408
13546
-10846
16772
-5087
-8150
-8122
167
-6665
14678
-8453
-1330
6989
8724
-4160
-16696
8095
7523
4628
1949
-980
-17340
8698
10568
5438
-9227
-5256
13132
-14088
14172
297
3294
-7323
-16213
-636
12808
-16167
-6287
14068
-2137
-14912
3570
-14095
10230
11786
18168
-17080
-2542
-19506
-11234
4964
13563
14000
3951
-6626
-18847
-16832
-3556
-8679
-1767
-5918
7547
11236
15683
16066
-5097
-2628
-2529
2683
12258
4812
-7405
11491
-1328
-7630
-3018
13695
-19810
4960
6155
-10028
7081
1395
-13938
6805
5657
396
-5731
12957
7934
9145
-5406
-18603
-9268
-7748
-1583
-4077
-18626
3442
-16993
-2564
-19075
-3189
-7752
-9143
-6324
-8713
-11927
4547
-430
-888
15110
-12054
-13405
18599
-3865
-8946
17679
2616
-9332
-14030
-6391
-4919
-13294
6458
9902
-8845
14651
13061
18254
-16499
22
-17924
8399
4738
-17451
6971
-19321
-9484
-12654
-12298
10894
1452
14286
18425
16061
-5059
-17753
12785
5145
16934
13155
6115
13827
-8307
14869
12265
-1804
-10567
-12177
-7738
234
3553
16225
-6776
13355
-18498
7458
-4030
9289
9868
-12831
-10709
-19292
7023
4591
-6751
5499
1238
-6248
-11890
676
826
-13718
7115
11256
-4856
17518
146
-18767
-4359
-17313
-19936
-13746
11462
-16170
-5063
-7038
2534
-15026
-19841
2845
-13142
11920
-13017
-5724
18282
12390
16187
11438
12252
-18731
-12116
13189
9021
8517
-13713
8953
-3197
1177
6104
2762
-17874
9162
6782
-15698
-17396
-10955
17926
5014
-13530
-13417
-18846
11379
19738
14694
17003
11471
5157
-11
-17180
6705
-12090
-4375
-9719
3406
19322
4723
12478
9191
-12044
2861
12473
18043
-8026
1913
-3487
12362
7716
4769
9218
-3071
-18715
8104
10445
-9667
8052
13317
19465
-13689
16822
-6679
18896
-315
11527
10592
6895
8030
-6189
-6402
-10831
-11894
18073
-17093
-10519
17742
-18140
-203
794
-19194
-5589
-16738
-10380
16878
7224
-6393
19588
-14489
13955
10529
9074
-10205
-19020
17959
-9974
3089
913
-288
-15630
-622
-923
-7058
9298
6257
10632
2749
6722
19019
14106
10884
-19457
-15503
-18483
-6786
-7027
-7487
11453
-16011
16575
5294
10669
-5830
7090
-11475
-11654
10507
15056
-18294
11610
-15964
-1422
14567
6071
9904
-4396
17548
-13077
3775
9842
1028
-10589
5227
15182
16130
9181
12966
19024
-6810
-6057
3037
5345
-8615
-4929
12211
-9574
1476
-4167
11585
7278
11682
5561
-1576
-9641
-9931
4306
-2226
12406
4244
18388
-656
-3380
4737
18649
10425
14106
17255
949
6336
-19072
19359
13270
8440
-1923
17569
-1779
13567
13234
-17995
-3638
6193
-8549
-6682
4622
-3737
-16767
-15583
-14391
10761
6769
12094
19625
-9668
11563
11583
-5100
3384
-2072
-19151
7055
618
-10491
-3592
-8722
4005
-11506
12330
-13696
-19824
-3419
-2589
14188
16225
13605
8686
10670
-19405
7499
17638
15560
-950
-18839
-1768
-5610
14569
-8497
17188
13435
-16454
8312
-10888
-6820
8910
-19735
4399
15883
-15669
-2136
-10586
-5447
12098
-5820
5364
-10737
-8157
-14838
8979
-14599
-19972
-1037
-4374
-18380
-15885
-5335
-7232
-8753
12447
-5026
-5434
-19220
-17715
-19152
-11058
14245
-14197
16597
-1050
-1845
7802
7873
11085
9412
18870
-17449
6559
10891
-11126
-18726
-16691
847
9650
-10738
5591
12671
-18642
3256
1425
-8785
7812
-4727
-9480
-18524
14818
5941
13138
8898
-8215
15584
-19168
-8305
-2587
19279
6042
1515
-2808
13029
2574
-3341
-1798
-6204
-5606
16040
-13938
17090
4805
-3951
9277
-2825
-10913
-15632
-15910
9548
-16891
13134
10355
-15292
17998
464
-18065
18823
11671
7509
8648
-7063
-17592
8585
10574
-10615
-14091
-5086
-14935
-10778
-3986
11228
9593
-7184
-9324
-8728
-18219
-10225
-12062
-1984
-8981
-5383
-3996
-1922
14557
-16709
18893
-1123
9683
8096
-900
-13780
17134
18399
7017
15410
-7400
16107
19277
-2445
9852
7118
18328
13936
-19669
-16605
-16697
2934
16807
-12095
16239
-14223
-17065
-18567
-2529
-19529
-984
19807
4973
-16941
-15416
-3263
-3345
7013
2039
-8547
13502
-5784
-6391
-17054
-17589
-12903
-6798
-7457
11415
-17121
11321
-2066
-13335
719
-13696
17600
-18824
-17091
16115
-17820
-1436
10026
17196
1256
-3809
13136
17613
-13060
10993
-14938
-19006
11333
1636
4853
13030
-4295
-1741
2116
-596
2189
12000
-8079
10772
-3723
19307
-7483
16452
19967
-6683
-17698
11187
-8745
-1922
19714
-11909
-8628
-3804
15497
-4035
19495
-16855
13316
1556
-18396
17005
-2573
14285
-1515
-16898
-6647
8731
-1680
-8534
7554
1308
13630
-9376
15237
5738
2517
19711
2490
1984
-2141
-15551
-13614
17355
-14210
-14729
3062
13806
-4705
16045
19262
8200
-10869
-10796
11768
15602
-6389
-5235
-14166
13289
-338
19131
12763
-5523
10736
7583
-8226
-16706
-9132
-6132
16327
17420
-17432
-12252
-3315
-145
-679
19572
-16108
-16031
17849
13331
-10419
976
-10235
-17838
-608
-2751
11331
-1648
795
10050
-18673
-11314
18112
-19844
1792
-19260
-8764
-8219
-5842
-5573
-1794
-4067
-5014
-14877
4160
-18223
-2989
-3866
-4026
4459
-4066
-845
4373
7896
-19102
2378
526
15215
9155
-11281
11723
-3489
10685
-3809
-3764
8748
-19454
-711
18759
3442
13874
4358
-15513
-13317
4873
1710
-10008
-578
3071
8665
570
10191
8448
8772
14099
13996
-13787
10705
18346
3808
1497
19619
10358
6264
15971
9574
-15927
5887
-13472
18325
-1537
3474
-3192
-3848
18176
17777
-3069
-18871
18109
7215
11921
16337
-13457
8995
-9387
-17282
8740
9352
-13915
14507
6681
5000
-18953
-3284
3964
9974
-8468
14335
4845
-18491
8897
-10632
4012
1397
5878
6739
17197
15427
-4059
11175
7211
-7808
8161
18817
2523
16914
-6232
-7491
-13365
13936
-7211
-2413
17292
4469
-2399
-10269
-15326
19714
4409
14921
17161
-5431
-6473
-16353
-2992
-8292
17651
3673
4843
-13761
-2378
-18172
1955
-8385
-4898
-18243
9231
3307
11843
-4694
-8528
13325
6279
-8100
11683
-15628
-2373
-19296
-17763
13988
-19647
-14184
18050
78
-1075
17051
14869
-4564
4198
-4054
19218
-7582
17270
19105
19007
-347
11139
19757
-8230
-16396
-2407
502
-18671
-2713
10440
-18193
-17964
15817
-3306
15073
17958
-18599
-3282
-6666
-12463
-4749
10703
14583
-10830
3765
7302
-11203
17848
-16060
415
17243
7459
17647
19273
-4915
5000
10557
10784
2509
2275
-1679
331
5153
-7504
6955
12040
-16327
-15988
19076
-4688
-16268
16269
17752
809
-8447
10115
638
-5954
18293
-19109
1910
-5001
3825
8625
-17354
-9433
2050
-19827
-9208
4767
18779
-7155
-12852
-9651
-1266
17188
-19166
11685
-9502
-9537
-18778
-11130
-1504
-14
-12401
834
7621
18506
14066
-11069
-2481
1458
-14550
-818
101
3139
6651
-10998
1436
16779
-13972
7364
9135
6895
15426
13120
-16576
-5127
10307
-334
-4673
-19060
17949
-16989
17744
17259
18422
8275
-18821
-11101
-19283
-7057
14786
874
-7106
8416
5551
-5862
7157
18029
4850
-3614
15499
-8599
-4107
8224
-6042
14466
-9123
12212
1252
8946
-9212
-5028
12161
6202
3226
-8687
-3329
16042
3733
-9212
-17818
12334
14188
-8197
-7475
-1691
-6222
-8516
14396
-5113
-10437
-1114
17140
4675
-8420
-19615
9342
4271
9529
18788
-7239
-8207
-17235
-15494
10766
-12654
6331
-4399
7246
18159
-6490
3914
16110
6477
-7705
-8836
17057
-7632
12712
-16780
12554
10077
-8992
-4396
3631
14325
-3384
16183
17456
-2181
-1236
17262
6612
-346
-14358
-9676
1750
-8643
11229
-568
5393
2298
-19310
-13044
-17029
446
19190
13782
-17982
-12141
-18429
-15603
1413
-6459
-16450
-2936
-11316
-16871
-5861
-13237
8605
-7324
5887
-15735
1628
3096
8378
-16609
-12511
322
-14226
19892
-6374
3361
18103
-18197
7832
-7575
15740
15667
-15823
-4529
-17580
11481
-3958
15405
-3910
-13430
-17637
2011
3086
18455
-13468
11673
17457
-861
-6613
-15386
13509
-4654
15834
-15877
-8058
-16507
-17477
-18467
-10183
-12645
7304
17444
-18591
-15794
13272
77
-4355
-6464
6158
2025
1484
14100
-623
3984
11618
7723
3896
-1281
8373
5435
14637
4178
9133
18938
-2505
-7853
-16801
4337
9189
13933
-1584
5210
13707
-10785
-5098
-16902
-16528
-4190
-9837
-15970
17452
14141
-18668
-5038
5463
4066
3393
14794
-1734
-4378
8274
19903
-13299
4944
7512
5371
-2104
7221
-14132
331
-7746
-4172
-11972
9770
-7943
-9655
4224
14253
9256
-2748
16512
6418
8160
4603
13152
14551
-16812
9960
-924
-4690
18519
7481
-1001
5538
8024
8822
-17147
-17512
7649
-3834
519
-5333
4464
4079
-6476
11864
13370
-3533
-17756
18359
19807
-18672
-8012
-7383
11532
10674
-18393
2240
-8266
16760
-7179
2092
-10
6867
-15761
6718
12093
-10490
-3394
5159
11601
2473
12659
-4151
347
-6303
-7717
-9350
-15265
11401
-12549
-9525
-19996
9040
-3403
4677
9574
10695
-1766
4432
13670
15962
-13436
2484
-10858
12046
-3846
9600
-3181
18166
-3276
227
-1374
4565
-16010
-5121
-7863
2928
-2508
19325
-13217
6911
19624
3369
16234
-15327
13940
-7338
-11482
-11815
8452
4777
-9801
16376
-14097
2101
19521
-6574
9120
1178
-9166
-3213
6024
7985
9495
4144
-10094
13911
-15689
-4826
-11080
14387
-10408
-85
6469
466
-11760
5506
-16906
9978
-535
7580
-16079
3504
-5398
17111
6416
15087
-11552
13032
17925
18491
-13157
-16439
-8631
-8344
-3012
-6908
5410
3032
-7026
-18852
-18266
-258
-3611
-14259
7498
3428
9367
811
-19800
12631
-12416
-1078
-16925
12809
18671
11365
-9829
973
19662
11444
-11588
15892
-1874
12560
-14951
-18979
-2659
13161
10708
-18015
6538
4933
-16826
-6965
-15246
1045
18255
-9593
4501
-14010
17642
-10862
-15038
-2114
-4964
-7201
-1670
18350
-8350
13525
19639
-3527
13299
-4064
-7110
2259
17869
5789
10616
-17623
18021
-15504
1297
-118
13160
-4984
13318
-11131
18740
2998
890
-7414
-19593
8174
9512
-1935
-1501
19364
-14908
-4558
19693
7463
-14846
-4345
-4387
-10992
-14315
17866
14737
-12545
1
6447
-6908
-14654
-6780
-7516
7283
-14082
-17353
16657
-18327
12894
7142
16532
7782
17637
-19541
4847
-15534
12101
1863
-13380
-11700
-2184
10346
-6400
16295
2788
-11668
2843
-10961
-15669
674
-10288
18209
17572
-9164
15749
-220
8126
-10643
7429
155
4329
17500
-5630
5444
14583
8640
12093
-9005
-7360
3239
12970
-11203
-19922
7946
1773
-7122
-939
389
13614
-7662
18451
3642
18372
17510
-18368
19160
-2117
-8294
16679
-14885
-7644
-4251
-3176
-7560
-1573
-10166
-4051
4493
17396
-18010
-13004
5569
2922
-400
-17177
-11424
19016
8827
15599
-18975
-2667
10377
-16991
10748
-17424
10270
307
-14877
-17414
15365
-17737
-15220
-16595
13862
15095
-10239
7344
-9942
273
-10889
-14668
-2435
-528
-9196
19888
14240
5688
-810
5709
-11908
-11101
18307
10187
-14631
3093
-2265
13336
14327
-7698
3293
-16096
-4775
-3401
-6814
11227
4631
-13042
8280
-19755
19646
6452
13007
-12633
-2509
17228
-13893
-19396
-10855
15736
-7724
2716
-3121
8016
10872
-15096
-6040
19576
-1590
16845
9106
-13222
-19257
8651
199
9117
-6341
-10412
-4954
-512
2133
1307
-668
11263
13659
8433
18753
-14891
19376
11709
-1499
-10168
18730
17405
5043
7757
15705
13678
16572
-11901
-14306
6406
-3936
2501
-9954
17046
-14106
6696
-8507
15326
-10640
-9252
16966
18799
17895
16429
-9181
1135
6805
4545
7081
-3216
-4450
2217
-12266
13989
-6152
-15044
-17343
-17136
-16839
2656
3951
-2896
124
-3414
3524
848
-18693
10808
513
-7572
6826
-17072
7209
-1386
3112
-13260
-1903
-15306
-4633
-1780
13895
-12223
16425
1682
1759
-10749
6099
-10833
-9087
13116
19757
-3112
16391
-909
6059
-3793
-3371
-11240
5633
11318
-18368
5793
-15765
-3594
-4028
11271
-7264
10502
15098
-14713
-19623
16869
-6932
-2065
19191
-10425
3660
-15713
11439
-10192
9208
5012
-8302
12211
-9545
3574
-1410
-1252
-8644
16438
15352
14655
8547
-14035
-3227
-421
17583
15291
-13770
-13201
17232
13225
-15297
-18355
13237
2476
4743
750
-17738
3989
-9005
-10601
-5238
4461
-962
16965
8707
14595
-11951
-14126
-9205
9362
8275
2588
2291
13566
-12450
-6563
2630
-15311
16238
14957
-1627
-10122
-2485
-5925
16401
447
5515
204
-13130
3305
164
16973
-12463
476
-1843
-296
-12233
599
-6681
-6223
14257
-18670
16480
8763
-4258
-2728
2285
4254
-17187
-3486
829
14878
3162
10895
-14915
17922
-3843
-18637
-18693
-14362
9709
6219
-4567
6961
7030
-2352
16682
9210
7677
-9000
-8822
-15829
16355
-15529
14111
-9716
-9321
15285
-15840
-4358
-14202
-9108
-17216
11274
8611
-4435
-14452
4492
-377
10779
10543
17627
-12592
14306
8881
-13074
18919
-10260
14575
16430
-8
-10848
17964
-3362
3816
19760
15440
-19279
-11604
14823
-10335
-16649
-3590
-1405
-19254
18105
-6950
4161
-323
-18211
5345
-17175
5724
19961
9205
-97
-16545
-2152
15227
11511
-15998
12938
19355
18648
-19075
16847
14288
5409
-2700
-19302
-12174
11866
-17439
-6875
9673
-14434
13255
-7444
-11596
-7320
-2074
-17854
-1212
5942
-11767
-3590
15109
7610
10158
-1097
16076
-17640
3763
-2901
-12058
14626
7082
5801
-13066
-19380
-8578
8682
18109
12613
18120
-17079
6142
4381
-10433
17355
2653
-5486
-12892
13014
9993
-4121
-5110
-13609
-16728
13828
2245
-16618
10942
-6092
-8598
11045
12973
-9988
16954
-2257
13617
-3289
-11320
13983
10727
9103
1132
15329
9143
14641
-13828
-15344
-12319
-16046
9891
-5060
2565
826
18695
4540
3747
-1114
8550
-17166
-14875
-12460
12630
10979
-7958
18050
10385
15565
-10217
-3004
6734
5703
3852
11957
15452
-9988
617
-10381
-12828
-15933
-9427
9679
13507
12081
11873
8145
4368
5622
-512
-5309
5569
1836
-11428
-13552
4955
-5232
19950
-786
8085
8479
-8760
10596
9664
-2459
-2566
-19734
-23
-18290
-465
12332
-18005
13946
6830
2210
-17317
13037
-6739
-8150
-19844
-2909
-2109
-13348
-17028
4238
-10244
-6623
8068
5109
10871
19272
-12914
-10992
8838
-2953
-1008
1827
-9181
-6878
18512
10855
-15005
10824
10444
13579
354
1566
8407
-14861
6851
6221
11182
6756
11048
-4131
7814
-13948
18719
-9933
-3871
17059
7081
13663
-10082
-2125
209
10208
15790
16324
18045
-8873
-1465
-13675
-3465
15567
-18250
5369
4001
-7608
5059
6479
12773
18281
1209
7709
-2060
-5990
19555
12430
-14355
-2984
19262
18252
5530
19481
-3016
5862
-9104
-14288
-12682
-3047
4739
1373
-1318
2082
10016
4907
-6603
17966
-5268
14191
1768
-9878
9839
-14356
2188
-7852
-7914
2983
13740
-18208
-1718
-9417
-8124
-13356
-14142
-4554
719
-19379
-16723
-11015
-10830
146
1410
-14967
-16676
-16872
5613
-7674
14828
5624
9716
2382
19268
13092
61
10022
-1269
-601
11026
-14468
4816
9155
-1983
10092
-13919
-5059
-18459
15914
-13421
7409
13810
5426
15350
-9415
15686
1473
-9596
19620
12861
-562
1294
11176
17137
14805
-3377
175
-11787
-1596
14130
3560
-7705
15543
-11600
-12649
4099
13407
-11627
-19165
15375
2073
-9907
-18619
19386
-5986
17416
-13886
-6008
-439
6866
-15676
4390
-5353
-15489
2499
-3340
-18028
-18134
12156
19335
-15351
-6343
-4163
-15776
14621
-15944
19037
18164
674
10797
-14738
-4838
19433
4275
-16692
58
18406
2425
-4623
16686
-15810
-16291
3113
-1291
-16984
-15177
-3685
11308
5232
964
-17737
-637
-19086
-1748
-4332
15265
-5860
-3773
-3001
-14694
-1937
14499
17027
16450
18064
-9011
16747
10367
-2387
17696
-6105
-14301
-3037
-3439
12281
19269
-10493
-13604
14977
-2734
-4999
12029
5886
16783
15197
2000
-6732
11764
12685
-11962
-5216
6529
3225
8070
-121
13188
8457
-6506
-18529
-12855
16787
1338
-3433
1653
6093
2075
-6248
7191
-16641
-825
-6914
5565
10404
14518
1079
9758
14273
4717
-17705
13045
10812
11218
15659
9902
-10283
-9871
2819
12114
-5813
12009
6337
-1776
3278
4263
14442
2586
-16771
12549
-5154
16359
-15905
-3792
-12371
-8189
-302
17057
-16666
17353
-10812
-11907
-9610
12857
-16967
4240
-4348
-12262
8944
-18788
3089
10178
-18571
-3147
-4635
15280
14550
-13239
-15356
17506
-14155
9827
-891
14320
-3964
17563
12944
-16405
13298
7539
16303
17637
-8608
-1567
-11554
16319
2617
8301
84
-11768
2464
-1121
3193
507
-9510
17969
-12786
6857
-16463
8487
-11815
-12164
-15603
-19367
10243
-9596
-18515
-1908
-18557
-1039
6452
-18614
8410
6457
-15993
19008
16069
4599
12855
5662
-13197
-380
18495
12256
13320
2049
-10202
-5450
-8968
-19996
-3546
-5318
-7157
13431
11197
17780
-7093
-15763
-12139
-15289
12189
15720
-19862
9182
14081
-11230
11610
-16482
-10832
-8977
1899
-5069
5149
-13426
-18126
10448
12208
13426
13693
9580
6768
-13090
-1575
12584
-3450
1899
-8878
-1940
-11070
-13845
-1348
-14275
-8949
4364
-2366
-11767
4177
-19950
-3521
-2449
-863
-13166
9430
11929
-6683
9180
18010
9094
-10990
-10808
-12781
9967
15449
-7788
4171
5438
-13726
-12845
-5384
9689
-3726
-15019
-3243
13959
-7111
5330
-7
4985
12216
-15201
9995
-6058
8235
-2555
6332
-1464
-14105
2715
-9278
-6493
14773
-17367
-11293
18831
-12031
16265
-6510
-8510
2441
4371
11899
-13261
9988
13994
13928
12417
9811
7024
-13271
13481
-3034
-18538
-5188
13143
15752
2029
14520
1965
-5139
9796
-13889
2042
1114
-15830
-15563
-16902
8901
-4011
12121
-9471
14841
3766
-16765
-889
-335
-14166
-5029
2408
18427
-3245
-13716
7316
-12658
5487
-8650
17106
-14957
-202
-12584
-10557
-1237
12410
-10073
12715
-7080
114
4802
17217
15685
18274
-14053
4595
19789
-1711
7464
-13461
-13659
19573
-18055
6403
-17342
1876
15109
15958
5227
-2443
-7273
-6314
-12063
-8671
-16787
13518
11396
-5563
-12247
11502
-9182
-7758
-17327
-7570
9557
-18389
-2075
8880
14473
1378
-3273
607
-17905
-15182
-19904
8277
-11205
-9172
16499
17788
-4062
-16464
-16579
-602
-2181
6986
2842
19886
13707
-929
6554
11582
-15953
-9621
-18977
-14123
7859
15274
-19855
-12255
-11118
-2166
-9921
-3986
-15968
8590
9914
-13382
7269
-14493
11310
-7094
10989
-3379
-11214
-2248
-16420
-7712
4999
13158
-4635
7516
-9999
9940
8466
-14227
-8396
-18324
14959
-8866
18795
-15769
5803
-17906
-17425
5536
-3550
-17322
-6489
-18663
-14817
6345
-11822
-11425
-19372
-2482
7749
-3512
-8022
14931
-18973
-10224
-17345
-12013
15931
18339
-2116
15476
-17151
8654
-4427
3234
-638
16927
1219
-5600
-10825
-7047
17569
-6706
15074
14844
13403
-12885
6147
-13320
11026
-5132
-17950
-12970
-4324
8779
11823
-13033
7939
-17905
518
14920
1598
-18091
-19185
9333
-17691
13680
-19760
-9511
-3743
6730
-18554
346
-18316
-8369
1033
17088
19369
15584
-16079
-19306
-17776
-11419
-10331
-15256
-447
5059
-1843
-8976
4780
1823
-4961
10083
14028
16727
11500
-6235
12779
-15650
19690
10928
19542
2531
-5531
-11103
14550
-11087
19319
-14317
981
1040
10152
2428
1007
11376
5092
-4220
8491
1169
15400
-10848
-12585
-10652
-8621
16564
1947
-11654
5152
3225
4230
-7897
-8039
-13444
4210
-14452
16444
-2600
-17645
5086
2520
11510
-16204
-3536
-1093
5460
2453
-15820
-7688
-17298
-766
-7534
2372
3420
-2179
-5335
6695
14808
8908
-19390
-17342
-11971
1438
17429
-11408
3235
931
8538
-15646
13522
-9368
-5900
-16525
7700
6680
-17999
19953
6571
-7046
14042
4101
1524
3902
-18500
18783
-11344
-2995
17665
12543
10532
10865
7815
-1071
1757
321
16467
5110
6083
-3546
-5872
3049
-19539
-12631
-8808
18996
11649
-18977
2450
-17355
2241
-19939
-19149
14927
-5696
12350
-17424
1477
-4873
-8085
464
4336
-1875
9150
6953
-13173
-5450
1519
19090
12813
7373
-9082
-17879
-18572
4484
-9255
-19518
9107
6130
14698
-11156
2417
-6898
90
13277
-17178
1250
727
-14741
-4646
5848
11215
-10635
9897
-10750
13004
-10385
5636
2344
12007
15199
18490
-9116
12299
11731
17173
-4145
4441
-8571
-12786
-19527
-7059
-10885
645
14914
-17998
-2689
-4667
11883
17756
-14804
13366
-15101
14370
2881
18043
9953
16120
13546
16698
-15731
8054
4275
-16787
13127
-6006
12060
-13572
8106
-7626
-974
-19991
9452
12857
-4723
11573
2902
-9017
13009
7610
6328
8601
7299
18829
6442
1229
-5160
-18791
14041
-12582
-3021
6630
18721
15540
-7566
-18069
1399
-19453
-12153
-10889
11178
-16968
-19968
8222
13158
810
18252
-4412
1862
-3967
997
3550
-19161
-7658
6371
12634
15392
19505
8494
17340
-14856
-6436
-11644
-15898
11668
5416
-19538
9857
16796
-9356
17946
-5284
6896
-16231
-12879
-6711
-1060
-16137
-8407
-8967
-12393
-14456
12326
-8466
-10851
18761
7628
-1769
-14779
-6843
-10805
-2423
-11365
-5308
18338
13022
97
4545
-506
19546
19227
7203
949
-532
12209
-11779
-17223
-9798
-10560
18175
17644
8862
19031
-6032
-4951
-11698
6469
-14980
-13129
5583
5258
-18268
14738
19398
16616
-8140
-15590
11127
3654
12443
-12166
14802
4315
2552
-1096
15267
19082
-17237
16523
-1971
-2388
-8569
8888
16153
537
-14688
-15303
2317
14078
-15274
-11606
-15926
12900
-18159
5009
7749
15708
-3497
-16491
17596
-7060
7736
-4290
-4916
-1486
18907
1260
-11063
-6095
-3884
-3127
-114
13129
6042
6304
6819
8033
12939
-3174
4005
16172
2222
7395
-18145
13940
1850
16354
18994
-2412
6493
15797
18828
-11008
-9919
-8430
15289
18578
-13733
-1258
-4271
-11168
-5808
-13109
14041
7948
11450
8888
-7694
1536
12608
-3901
19909
1730
-13203
1943
-4843
-11382
-2154
-1345
-4252
509
3156
14294
897
-11156
15151
-17297
4251
17267
9222
15029
3200
-14942
211
-4818
-4913
5391
12281
8013
5624
-18633
-4179
3595
-1538
-3741
434
16304
13487
8909
-16865
-11885
12491
10149
-18094
3326
-1652
17638
-17460
9733
-3321
-15654
-11111
8829
-3088
-12156
-16287
-11071
3842
12766
6229
14298
2478
17480
131
11601
2519
-5630
-13525
-2177
-12251
6830
-8344
1778
15679
-11829
-17452
-13583
4662
6587
1779
-19847
622
-16244
-360
8637
19703
5895
16799
7405
-12335
-4384
16079
18137
1050
-8268
15754
16499
-9797
19936
17809
808
14661
-18493
-12820
18908
4645
-20
4945
2978
12185
-7108
14193
5171
14470
10986
-19173
-19243
15007
-4061
8752
17497
-450
-6613
10355
-4795
-1544
-19813
-19708
-9460
-18354
17785
17868
218
-12259
-4468
-13166
-14350
12768
133
18241
-19747
5065
-880
10933
-19252
909
-16635
-10116
-4916
3933
15103
-13776
4317
-9928
-7540
-17168
-16652
11978
-1136
-12609
8918
16593
10071
18922
19424
-8468
19108
-7114
6336
-7972
5507
5746
-18144
-7532
-11687
6769
-894
-16078
-10173
-5964
-13838
-8801
-9851
-1936
3885
-1228
-18139
9865
19231
-5494
15928
-4895
-1949
-9836
-7800
1665
-17580
-12361
-12464
-12095
-3250
-7358
-3348
12933
-7884
-4634
-8576
2071
2433
6054
14800
1589
13044
-19134
-5183
-14766
-13513
-8051
1206
14648
-10674
19480
-4262
16670
1088
14485
-5676
12524
15751
422
-17847
689
5888
19316
4013
11954
11253
-19975
-10798
1540
-17368
18901
-18064
-18319
9332
13341
8697
2013
-2573
-4145
2922
19163
631
-1668
-4507
-18497
-19205
19381
-12401
805
-9084
10860
4124
9009
19843
4149
11408
1137
-4300
-869
814
1271
9523
-1088
-14476
864
13275
-8693
17600
19692
-16282
-9959
-7726
5513
946
2678
-12777
-6205
1941
-11448
2735
-4005
-19804
18203
2092
823
-19015
-16196
10751
1211
-7200
-14399
-19931
-7307
6711
7067
16073
7421
5584
-2051
-12894
-16433
5368
-8187
-5080
15093
-18405
-4679
-3243
10379
-1953
-2500
-18928
18649
-8961
13580
8493
13268
17589
11669
16376
7239
-7266
-12506
-14070
3303
10338
10493
-8873
-18122
13355
9771
3592
17914
-18458
-18956
13506
-19546
9454
11928
-3525
-1490
-522
5426
-12729
3779
-19120
-13594
-10952
15512
18704
9155
6667
-18337
-8816
10661
11226
-8055
15329
-1081
17452
-13266
19813
-16759
18825
-1622
-670
-3966
-18735
-3989
18779
16851
2166
9959
17910
-9519
-7066
-17288
-1896
-17480
7184
-1972
-9764
16111
-14825
-14682
13335
-12945
3995
11828
-17142
14620
14900
-5240
18885
18808
-17789
-4289
-13040
-4018
8195
-7606
16371
-19746
-4768
-6716
11488
18454
16936
14882
-12015
19457
10938
-4317
83
19535
878
13325
5564
-9404
-5500
-7451
4050
-14065
-19319
14408
-1901
-7823
5790
-7173
3539
-19594
-7792
-1337
14803
12944
-19739
-2977
11747
602
12457
1449
-1017
15256
-19209
-3094
13805
-19701
-10584
5377
5062
4784
-15307
-6718
-12647
18338
13238
-4848
-7719
2253
-9523
-18665
8650
-11597
14268
18640
3218
1796
-8324
18331
-12561
-14607
9564
9855
1377
-15898
-19411
-6323
14564
-19218
-5370
16988
19781
-19433
-3906
4103
-16033
-10417
17018
-4791
14062
743
18287
-18144
13029
2561
-9577
1291
-18140
4632
-5131
5764
18756
7909
18184
-3174
-3362
18609
-10646
-16398
19695
11368
-12086
-6747
-9640
11619
-5097
9157
-11111
-19299
15160
-13502
-10269
9028
-15743
-9771
8637
-11095
5612
-3297
-11610
18939
-8936
13119
-3911
-6581
231
7907
9372
-18741
-782
16404
-1674
-11758
17272
-1465
10740
1447
9399
4143
10911
14909
9853
-11025
5650
-16639
5495
-19249
7106
-9918
16677
8850
-19891
7306
-19476
11595
-9525
-18916
-5426
-5788
15164
-7627
3314
-2233
5915
-6933
664
4846
-7433
1898
-3744
12331
-9621
-12984
-16563
-10535
3087
-12089
-8129
7856
-12418
-2604
1140
-15212
12953
17358
15814
-1908
-1731
10210
-10416
13602
-10694
3660
-10102
16282
-2421
11048
18787
-14090
-17487
-19510
8062
-2110
-7060
-14490
17969
9975
14990
-2896
9664
11596
13444
13762
-4286
5607
10573
-599
3994
-12248
-14657
16811
-2115
3736
-11960
7714
5911
-1859
17994
-13945
4052
-8224
-5515
17349
-10619
-17743
-17155
-9401
-15782
3534
11486
-5006
19234
-6680
-1827
1709
-551
-16455
-3495
-9455
19305
18866
-10632
-18301
-7511
18198
14005
-18334
19302
15193
18021
-16946
-13898
-6749
11906
7265
-5285
-17321
15072
9655
-5759
-13195
11230
8813
2705
17879
15276
5330
-2346
8562
-1439
6974
-8019
-8342
-1170
-8297
495
1739
12427
-15438
12699
-13572
14302
7546
-8197
-18237
-10875
19978
12586
-6279
13977
-11386
-10951
-10329
-7236
-19419
6903
-19676
-1189
-2764
18874
8580
16419
17714
-1255
13025
-8834
1979
19174
-17248
576
16299
15324
13816
-12181
-5848
-17804
2607
5746
11112
-10985
-2484
9271
-14832
14226
8399
-2856
-17357
-18730
-9372
-17286
-7104
19070
5968
7923
-17914
10408
-9437
-6793
-10516
15973
4005
1008
-2566
-22
18136
-19895
4878
9398
-13047
10715
-6885
-10218
-9111
-14772
-8172
-18803
2166
-7974
13883
-16408
-13235
1297
-1823
-8931
13137
13949
6795
-15
-4051
3657
-8579
-14523
7617
-10150
-14444
12973
-14024
-16680
-16107
11532
-13977
-10364
-17542
-12300
-7771
-11294
4821
5278
14118
-9829
7141
-10910
-4597
-5199
-4974
6320
-14594
9705
-957
5897
-8537
1601
9492
348
1232
221
-5301
650
-18141
-14225
8027
-19571
-3980
1677
-12475
767
13578
-14684
18219
112
18771
10641
896
-16957
-2801
-2545
17969
-10010
10535
-18236
2465
-12507
13436
-11155
-14669
-14621
-13417
18869
-19732
14591
-12866
-4039
2653
-12246
8265
15697
-7298
8950
-19346
-16409
-13520
-17223
-11810
-17683
12781
-10850
3612
-4807
11941
1415
12983
-1716
-4903
-19469
-19749
18001
2756
-18333
-13912
13124
-7889
-18696
1172
-2023
8324
12118
9793
5895
-18041
-10627
18882
17307
17631
19580
6425
10609
-12432
-16173
-13231
-7682
9017
-706
-9979
12287
12078
-675
12138
15841
12013
-8920
9031
-12850
-7213
6082
-12587
-10213
-13143
-4199
-1282
12913
-6902
-17630
-519
11837
3026
-3725
-3190
11866
9987
12512
11796
-15732
-16379
17811
-6264
-8876
-6795
-5938
-5214
1637
15594
16626
-18030
-16813
-4309
3800
-8742
-8891
-10824
7129
-4982
-14303
-9814
-3632
1466
-3865
13673
-16263
-9691
4983
11653
17605
11857
8635
-5806
822
15043
13764
-3912
-6094
-2224
-19905
6461
19182
-3374
2371
7242
15162
10785
-12039
1497
-9469
-19084
18058
5190
19291
15903
15856
-9435
-18976
-18531
14426
-16580
10125
4844
-3877
-19160
-16103
-15542
18231
-8139
15535
18519
-6688
-2321
-15982
534
-7245
-18352
-10527
3843
-5140
-1307
17633
18938
19438
-16503
-4946
-10221
-3255
12579
5735
6162
-17405
-12515
1066
3699
-4541
2088
-7915
15837
-10281
17400
11457
5440
16770
16553
-17711
2277
-18326
2309
14026
11503
4702
-7987
9585
3439
7143
17237
-7893
-10319
-2376
1489
-13774
15899
-18733
2465
-10503
16622
-19136
-6563
-5195
-9820
15127
11859
212
-10812
-13486
-5849
14419
-7453
-11848
-15476
-13405
5551
-13527
-10725
17478
-19493
-5854
-9061
17354
8095
-18329
19324
9020
-8071
9529
11082
-18878
8527
-3002
-15367
-10611
8170
1725
-7863
-6732
1066
2764
18157
9178
16928
-4998
12313
14642
13301
7481
-5372
8025
-9760
-17739
2172
-2408
15078
-17050
19534
-12189
13392
9159
-10730
-2554
19195
-3295
-8782
17078
1148
-2759
13050
-7534
-19104
7718
-5850
7910
5696
-13628
-11217
-6242
-7835
-4805
-12597
-16666
8369
3514
-10440
-9092
-19165
7343
-7995
19321
7931
17824
870
-1885
-7258
-10381
-19721
-12921
3069
13403
1206
-16271
13341
-16181
-3230
15564
-5737
16838
14825
-1276
10372
-4133
19622
9768
-3106
14325
12938
12624
19130
-9148
12464
13313
-19516
-14180
8888
9970
-11360
1159
7772
-3147
2516
10228
15486
7835
-11145
10597
6773
1299
17007
5127
-6482
752
-18555
19300
18279
-7558
6842
8854
-13882
-6753
-17681
-11363
17782
-3690
-11290
-12807
-13972
-15639
-16324
-19261
18684
12385
-16101
-4687
10030
17268
4518
3900
12827
6623
12240
14386
4047
-2649
-6863
9708
15337
13028
-17214
-14692
-539
-933
2020
-14210
17615
-9229
18624
15329
-3672
-6851
7711
8766
-19249
-8141
9783
-2372
-4710
-6239
2877
-11357
-7486
-7631
5814
10254
-17614
3228
14273
-3187
-3119
10865
6475
7833
-2775
-5401
18245
-8253
14332
-13065
-16803
-7746
14294
10412
13579
-5144
13741
-16475
-13426
-12022
3774
-6649
19105
-14632
-17240
-1101
3443
-5932
-5770
-3289
-7348
-568
10703
-10501
-11768
13649
-10680
12713
-12031
-5362
-3843
7678
6007
-5955
-11480
-649
-8585
3286
-17099
-1422
7284
-9067
-16088
19407
17950
10379
-16847
7690
17764
-19970
-18293
3244
-19168
5131
-1058
6452
150
18378
7687
1687
735
-10150
14252
-10141
-4755
15911
-5751
-9028
-5239
-18160
-16954
-3337
8308
12632
-1344
-7258
18667
17377
-15194
-5121
-8968
-5227
5284
-4705
8236
15315
-261
11915
-8412
16056
-11428
-1764
-8796
-7745
19480
1239
14485
-17572
-9926
-19086
16922
-7895
-19117
-8058
2276
-4461
10205
2211
3787
-2667
-4804
-17772
9859
-5024
11786
-5905
-12992
-16846
7654
483
-2678
-16467
-7022
13309
9335
17864
15847
-8628
1520
-16517
34
6084
7566
-7281
-3014
-5436
-15771
-11013
-11196
2746
-18916
5456
19111
-16573
-4880
11718
15327
17568
9070
-16074
-15794
-2191
5029
14627
6437
19393
-14153
-4817
-3316
-18346
-14396
7702
-7735
-4516
12456
-9686
1608
12523
5450
18679
2237
16683
11617
-18578
15916
-16700
-12742
-2086
18820
-8027
-13181
15492
6637
11219
-1192
-15543
17775
1657
831
-16163
12183
5660
8372
-9099
4312
8345
-10518
-12483
4803
-15942
13609
2002
1840
4574
-18630
-7234
10068
15070
14939
13901
13542
11194
10950
-12692
-5364
1146
621
-1760
-10017
11300
-9016
5984
1869
-1664
-19952
8784
-7823
-3978
-15088
4474
42
15728
-17969
2439
-5464
13123
344
17755
-12359
-7098
13815
-15021
11578
5096
-14742
18944
-8436
15887
17575
6093
10778
-2273
-7672
19278
-10249
15131
-17660
9734
-15524
324
10035
3996
-18022
19857
-483
14042
19165
-16481
3892
12567
-10480
-13692
-3221
6088
9542
9130
4183
9750
-17905
15719
-6349
-7494
10445
4439
-8077
4140
-3320
-12320
-14240
-13326
8723
2207
11206
7081
5000
-2155
-9835
-7608
-18418
7751
15762
3167
723
14259
-14773
5890
16282
5862
-17574
2112
-3301
-17049
4751
11559
-14280
2849
15890
6409
-15961
-15765
-908
-2873
-17706
-13148
-1587
2374
-4797
-7766
-17136
3197
6673
-12708
9701
565
18454
16509
-1037
11111
14219
8743
-11038
98
14038
1429
14365
17686
-852
-6131
-2824
-5290
-1874
-10949
-8937
-19776
2851
-1860
9306
17479
15746
7523
-795
9863
-19642
16046
5806
11173
-2737
-18632
2509
-18297
12596
19112
18684
4418
6759
-11283
-11407
13574
773
-1068
4820
16793
-41
-17995
18596
19500
-9489
5885
12337
3876
16778
1185
-7599
12660
4568
9066
-16844
-15448
3988
-13207
12008
-13567
-3044
5978
-6163
13526
-13228
-19418
3447
-18241
-10309
-10941
380
-2013
-7508
-7678
-6199
-18319
15221
15398
-3223
9199
14412
2573
7293
18137
11781
-14183
-19292
-13597
-12255
-13773
-8068
2584
7283
18784
5280
7106
9379
5622
-12136
-19052
19566
-14412
8713
-6423
3332
-16664
-18650
4534
1940
-14385
-11512
-15605
-13729
-9074
14627
-17636
14592
5635
-7560
-7850
-10525
-7755
-5025
9805
-12978
-13180
6314
15038
-4828
-1751
-18595
12839
6728
-15888
-18767
-18710
-18683
2593
7931
947
-4746
-11443
-12897
-11682
-4465
17085
-11670
6709
18738
7204
-5139
-6889
11045
8631
15175
1569
-17034
-5245
17814
-14174
-11592
-6335
-5649
8025
5634
-16530
13584
2779
13368
-15487
-9027
-11576
4948
-19286
-15916
-2925
17173
-1030
-6710
-9018
18607
-6175
-16969
13160
-4543
19048
-6544
-3135
5929
-10548
-2291
-8845
-14091
15986
2380
14203
12783
1764
1138
-9224
12160
18472
-2449
19724
15965
-6019
-94
18764
17062
-11448
-16994
12989
6397
-10189
-15246
13606
14770
6682
-7902
7250
4417
-18646
19868
-9130
17042
-19739
-15922
-15640
1731
-8203
9345
-15250
18874
772
12997
-3021
18077
1031
-18722
-687
12285
17522
-12627
5376
19000
-16780
-14998
-14233
-8563
5613
13659
11930
-15840
19473
17908
-1450
-19096
-8834
-2859
5536
-11724
8442
-6125
383
14821
16969
18724
-1492
3249
-17614
-17081
7891
-15320
15489
6194
11126
8534
7417
2724
-11300
-1018
-12203
15495
-11825
1610
-14339
16321
12358
-18908
-5281
3537
16444
362
-12532
13187
-9860
-6594
-12420
18335
4165
-10024
-2400
-14805
-5338
11425
-15714
-6916
-18372
-19956
-15277
16280
-8141
5770
3514
-5103
-1362
7461
-14248
9556
-19386
123
-2460
-1535
15238
19683
-11267
-3188
-1770
11837
-10261
-10619
2967
-4935
9679
-2555
-16931
10765
-5289
6288
-7694
11979
19449
-13176
1124
10539
-8970
14860
11947
-8907
-10929
15882
-2675
897
17750
-18234
-17342
-529
2680
13944
-14370
-10084
673
-6088
3875
10171
10096
-18148
-10182
-2199
-1652
-13891
-4313
4870
10245
-11788
7198
6572
8456
9980
879
12039
-13601
-14222
13787
13399
-12798
9586
-6691
15732
2136
-9102
7125
-19600
-5996
7363
-19507
-8119
18849
5854
9529
-7382
-17680
-3624
8031
1965
10456
-11080
14226
11471
10129
8136
-9883
4159
-11022
8818
-1695
10066
-3299
19
5908
12443
-460
16137
13658
-1114
14273
18819
-16346
-6888
18530
12397
-16798
2535
3970
-18970
-3938
8452
-4211
6752
4209
-12839
-1812
11989
11158
1369
2144
-10908
4093
13662
4036
-1998
-544
-9875
-8266
-18615
-16420
8333
-10030
-3854
12304
-13688
6992
8917
15676
1281
11277
15061
19844
8248
-540
2726
-9905
19775
-6513
16492
-16137
-8073
19651
10392
-14624
8020
9175
13170
6079
8485
8826
6989
-17142
-19527
5156
-6306
-15394
5203
6889
-1788
10553
-16
-16285
-9352
8396
-7358
16426
-12515
8415
10070
10551
2815
-18724
15987
5785
-4189
251
-19423
-17044
8807
-3602
-9628
11613
-1626
766
-2502
-10346
-5032
10637
1123
10951
-18848
-7758
321
-18803
-1314
-9287
-4463
3554
16232
722
1334
-8433
3968
-13217
-6365
-14346
-942
13645
-1216
1238
-15611
-17807
-18897
-6060
8856
17363
-8525
304
15484
-15391
11539
14133
17340
17525
-11708
283
16306
3496
17566
1092
7818
-599
-16495
-19087
16444
-18670
-2898
-18671
4229
-18714
-9491
-11721
5027
990
-10454
18198
-12939
-17413
-2426
19574
-13189
7690
-1839
2427
18219
14020
-1991
19861
3872
17488
18543
9158
-7305
-3688
10782
15997
18233
-9267
5743
-14961
8027
6251
-3845
-15939
-7320
-9535
-9542
6315
-15895
19425
-14063
-8141
13466
3398
-13129
4967
-6123
15660
-5314
3850
-12065
237
16728
16610
-11037
363
-1200
-4905
-4826
9333
-2175
-5997
-1859
-1182
6955
17145
17630
-660
-17801
-18851
6820
11947
18210
16862
-16646
-15457
-11783
-9372
2757
4980
8701
-5574
1646
14689
769
12172
-15403
16594
-1308
-15927
-5235
10513
11421
-3503
-1459
17005
-4452
7061
1302
13914
-4900
-3267
-7297
1576
17653
-1556
7921
-10918
3449
2327
-8632
-17852
-18789
18117
-16597
-17755
-13560
8269
11829
12626
-11281
12601
12073
16346
-793
-348
-7561
-19628
4230
4777
-578
2545
12629
-14329
-5290
13447
-15559
14773
-8085
-10739
-2018
12401
-11721
87
-7810
14257
17501
2597
7572
-3148
-5616
-19914
545
-18296
-1108
12564
-8919
13405
1521
-16120
-19936
-18758
3332
-17099
-4359
-14878
19429
19891
3272
-6685
11521
2341
11808
16734
-8706
-15451
7578
12976
-12948
-11058
-18401
-1776
-5951
10680
-17819
-2730
10335
18247
576
-16265
-7083
-15365
6846
-10320
1104
12959
-8287
-10126
1301
-19968
-6440
-4467
-12561
9278
4652
7521
-18762
-5344
3259
19669
-6876
-9920
10539
-18096
15771
-11099
-7809
6425
-13573
868
3935
10353
-10224
-14022
12093
11254
-1364
-7477
14919
-15926
-12801
15407
11963
2402
14965
-4850
-5974
-3148
9911
-5882
-5664
-4520
-1453
-13982
-15819
-18327
8455
-3469
8269
-11960
16694
-265
-13137
15272
-11214
-4602
5449
7969
-12044
-14782
11588
-2016
-19467
-18744
19091
1247
-11852
-15682
19166
15104
-10879
8278
10790
2842
1176
-13884
-5282
3978
13358
-15188
13293
-16576
-9628
-3388
17532
12609
7172
-9212
8261
16432
11904
5600
-11257
-18708
-11291
8043
9238
8955
-3179
-9608
-11100
16539
-3191
-13548
-16921
15440
16476
6709
9997
-6874
5241
9905
14721
-6608
13544
-16123
18551
-13858
-14676
-9830
-1626
15136
17387
-15136
9698
1093
5830
13493
-9133
1366
12754
-9006
-10039
-7112
14013
-15396
15772
-6065
1499
-4807
14960
-17303
-8551
-5655
-8313
17708
11317
-3602
6508
-6099
18096
-4857
-1269
4039
586
-12361
-7018
7168
-9149
-16328
-19506
-215
8343
-5185
3597
2664
-4093
19759
-5143
-15196
-10543
16616
-6332
-784
-7705
-9323
-14185
17640
-17559
13555
-15148
-13483
-13724
-9405
-18196
7659
-19997
316
-19665
15859
-10904
-4600
-8351
-11519
12485
10944
3910
-12435
7422
19201
14461
-10107
-4152
12649
-12195
8368
14020
-1998
-18074
-4278
412
-11077
9126
-3930
6962
-14087
11962
-16945
-15551
12635
594
-6205
13184
9263
6473
-15155
-3466
-28
-17534
-13086
13342
7047
-17220
10202
-19463
1644
1672
-16080
-2879
804
-1575
17165
-7008
6857
1823
7405
-10433
12170
14093
-1693
-5301
14196
-17512
-7583
-17866
-15848
11203
9445
7581
7917
-16391
-9170
-72
-3460
12434
-10923
727
-12427
9575
11464
-17685
18933
1418
13268
-922
-17223
-19550
13439
-17670
-9420
6656
-11690
2692
2603
-8933
9064
8686
5158
-6384
8833
-10873
8510
-6193
10103
-7715
9561
-8207
-2345
14517
-14696
10560
12687
6291
17709
-19488
-8150
-10270
-12159
8676
5971
731
16912
-10716
8701
17137
6974
-11423
-4294
18535
12737
12542
-10156
-8184
4624
-17472
3226
5392
-11867
11903
-15011
-5798
14818
-11192
-11522
15841
4625
-4139
3727
-19337
9341
3005
818
8080
-1163
-11670
-13930
5509
-15446
-16075
-10755
-14787
5391
-14989
-9204
13265
-9566
-8969
-9155
-12850
11687
-9291
10103
2505
11371
10627
3775
-19948
11817
-10522
6900
-2829
-18313
4807
15843
2161
-2112
-5966
-5687
16285
7956
-15580
-18318
17381
2762
-3109
17395
-8427
12019
-6624
13627
7206
9206
18946
12672
-4583
-12451
-16767
4731
-1227
1405
4242
5238
-16544
10396
-13795
-10740
-12679
-2876
-19270
-2207
9719
-18410
14953
-15970
14368
-17328
5837
-11972
13944
14566
-7144
3164
-9015
-5382
-13625
-12440
16324
17706
14827
13901
5635
-11715
13048
-7310
-480
-5054
3984
18233
-13279
-10341
-1069
-14048
-15908
-11378
-10045
6330
-4234
-8930
-11365
-6299
14505
15250
-8456
-4787
15430
-5808
-5642
11247
-15011
-5470
12619
7057
12705
-582
-16190
15187
4632
14672
1543
-541
-17789
-14217
-9859
-18825
-14362
-10339
9116
-13947
9303
-19960
164
-8538
6996
19680
6223
7835
-2041
-12066
16217
-7695
4687
-10915
2905
15016
10385
2649
9078
11796
-4851
-4484
-7932
3104
-15361
-19389
-14728
8795
17364
18616
9543
1001
-5330
19311
-6362
12753
9429
-16546
-4481
12088
-15675
12939
-9714
-10029
5572
-1042
-15797
-12029
15389
-15716
529
13739
-1735
-18994
-1112
3953
5608
-13112
-1011
-14138
-262
10475
-13290
2
-3042
-19753
-13290
-501
12677
16663
-11675
-9694
-10931
2806
-7123
16961
2624
-12749
9455
-2499
-11598
-6262
-8219
-15377
13990
8188
-13070
8955
-18785
10655
12661
-3073
18322
18427
17031
-10995
-15733
-4347
-7394
-12824
12133
-17897
3527
-91
-12669
-2692
16377
17502
1173
7970
979
15719
-8772
-3305
-2910
3714
-2427
-12953
-969
10377
16953
6179
-453
1656
-4249
-10781
-14133
-16265
-13290
18915
-12010
-16939
11322
13026
-9484
4639
-9810
-9317
-13675
14381
18859
-16848
-13991
-14794
10082
-4892
-880
-16475
-18735
-10516
-13125
14874
3776
2743
13238
-13635
17681
17053
1671
2583
-1543
82
-14041
6981
14990
4861
17968
13862
14506
13685
5167
-11585
-3505
-8156
19253
-15762
11290
16735
16616
2796
13973
14084
9238
15574
18784
-9698
1914
9319
-9218
19569
16333
14641
-4864
2069
15095
17793
-14835
-208
-15611
-7520
18288
18065
14154
3192
3055
-15133
-3400
-11595
-6326
8475
-13156
-11511
1414
-1894
8911
11843
-1706
3239
-14983
10610
8730
15793
8015
6100
17690
13933
9432
259
14754
-7628
10744
12540
12909
-959
-19738
13677
2113
-15614
4963
5512
14045
15930
15027
7831
-13975
9896
11244
4646
17116
-10416
-10393
51
-7629
9432
-8279
-2495
8602
1831
2291
11370
2870
-12572
-4622
18613
11667
-5141
-8840
-6358
7539
4385
-1760
-1497
-9143
-12496
-6679
3044
-8892
-4626
9775
-4512
3732
10325
7449
-5713
-18002
-11090
-10254
-3193
-4565
-9205
-8027
8320
-3526
-4858
-12989
-8396
8010
8710
-19934
-16695
7402
-2566
16583
-215
-14841
-3677
-13717
18438
18393
-10135
-11725
1941
-13220
11854
-2950
10237
12826
7328
-15151
5350
245
-13032
15969
-6505
-18615
-2106
-3158
9470
16769
7594
-8854
-5185
-6158
8172
-6142
14405
16139
-6171
-19589
15241
-11242
214
14763
-14383
-7605
11000
15555
1053
-19533
-17958
10418
-1635
-3686
16717
12431
15457
18532
17072
11319
9488
12658
-17150
-5265
11460
-6218
-10442
-18954
2647
-821
-4329
3471
-9521
-13132
-1584
-13717
-7166
-18540
11354
-11323
-3934
-8287
-2493
-4218
-18719
-9113
-19477
6000
11003
-846
10473
-2136
-3358
12223
11169
441
15384
-12386
6037
-1109
-19125
9325
18113
11380
3745
15064
3948
4052
7015
-11430
-17344
-8810
-11383
-17076
-3860
-9795
6525
15483
-11042
8141
5135
17288
-742
-9211
-11508
-6590
4415
-18199
8244
-11605
9105
11270
-14999
6007
-1458
15200
3643
-8921
1092
-6854
15467
-10296
-7871
18498
-1342
4235
-15547
-14364
12594
-18310
5034
4307
11549
2852
82
7021
-6626
9878
11979
-16327
-12715
-17034
-19942
14536
-8314
-5506
-1756
-10417
-17501
-464
-17433
11505
16711
-15344
-14660
14158
11635
-122
13533
-13390
-8409
3630
7384
-2156
-1053
-11744
10590
-9168
3449
18176
4868
14374
19129
-15829
-7474
-728
9564
8078
15638
-7341
333
14915
-4095
-10111
-15764
15873
19930
9344
17975
-3355
3275
-19040
5674
-3674
4358
-17242
925
-4664
-7494
-2644
-12311
-14597
-12998
-5710
8290
-11394
-10237
17197
-16885
-16074
-3146
3700
10001
-1340
7754
-3814
10769
-14384
4014
5735
-18885
9745
-1572
1079
14441
3170
484
11171
-2988
70
8110
-10096
6988
5875
-18503
-3384
10782
17197
-19755
-3746
-7352
-18170
3495
-13778
-9223
13323
12936
-10591
-12196
-6677
5679
19762
9335
4037
1601
270
-6042
15967
-18780
-12638
16761
-11089
10019
-10249
-17086
7753
18432
6390
9378
-835
9483
-12959
-3711
-11559
318
-2297
4268
11932
-13069
1078
-8132
-18727
6048
-1143
14080
18858
-14695
8621
193
861
-18954
2914
-7578
-19872
-14904
-5289
15018
5452
-19040
-2725
9777
-4121
8340
-1434
19607
9683
-5224
-8053
-2971
-7942
-578
-13097
-8277
8038
-8306
17433
-13805
-8578
-15181
17803
10491
-128
-7912
16634
6209
8847
5661
-18246
3378
-5859
636
15069
17373
-3097
-2595
-3975
-1710
-17209
-9684
819
-7359
-19901
3210
2051
-19761
15322
4947
-13138
-8716
-15914
14029
-12932
15925
18963
14695
-12719
-17616
4071
5680
13678
7533
11164
10484
-7100
9386
9302
-2145
7293
16340
16951
-12770
2687
-19033
2517
-9914
-4404
-4280
-6563
10834
14537
14106
-13558
-14162
-17151
-10709
4077
-4261
-15199
10679
-18583
-1217
463
3257
16707
-15998
8927
6329
6823
18989
7540
-9147
13098
-7021
19398
18014
5304
-17632
5454
-19021
-4235
6789
14412
-18613
4577
6312
-18876
-4456
-11400
-11600
-5102
1927
16775
4945
-13843
-16096
-12247
1368
13074
-2606
19972
-275
1039
-18876
-8315
-14567
-13911
-11663
-1560
-16965
14756
-7839
9865
-5943
-19822
19919
-12901
-8619
10005
18838
-450
-18061
-320
5831
-18007
-3101
10460
7204
4053
12737
-16762
5537
-15779
-8323
8908
12837
16181
-4241
3885
14718
13010
-2008
-13094
-10005
5977
-12777
-18431
8239
-5497
-16446
12257
5835
3458
-18787
-18828
10852
-14976
-18857
6408
19094
-4926
655
-14110
8356
13831
16381
13202
14264
-1755
-9550
571
-10790
-5114
10430
6509
7852
-1400
-17388
2588
-2057
-5514
3648
1517
564
-19045
-3249
-18854
5681
6393
12752
4854
16810
-2536
11616
-13269
14708
10277
-2716
15443
-13109
15509
6619
16115
-6518
12293
5505
-3706
-4126
2886
16341
9360
-17361
2900
-2118
-8178
-17966
5042
18460
-18571
5491
17016
-14512
-4747
3191
2193
18656
6360
15332
13808
-4906
-17490
-19694
-15247
7789
8372
-17882
14268
-9342
9073
-5989
7201
-12208
9481
19712
5660
-18402
-4293
-6818
-9617
6503
11923
-13060
-17383
8586
-19710
-17853
2950
14174
-1736
6698
1474
3945
-19143
13283
-3586
18799
1063
13166
15333
-13009
16416
-4057
14867
6206
-18396
3456
-19767
3734
-12641
19953
12007
-13613
-10022
-3673
2228
-11263
5796
-11866
-5636
-437
7036
15091
-10087
12774
4661
-339
-13262
12812
-13505
-9162
10248
-13303
15633
19628
-18137
-9102
-18292
11720
-5342
-6155
13134
176
-15916
-570
17112
7449
-18391
4710
16580
-4719
1036
7972
-969
-6478
-7568
-19941
4726
-9287
12719
4459
-864
-17042
2397
-16552
15906
3923
-11332
-11379
2703
-8884
12994
16496
10993
16929
12005
-19277
13616
-8678
1754
-3404
-18686
14665
-18556
-13415
102
-18971
12082
-10960
-14891
19345
18582
8390
17064
16131
-2923
-10511
-14554
13091
-15450
15268
-3120
9225
-13568
2682
-19225
16067
-17823
-1069
-13369
17944
1235
-8288
-6836
-5422
-10463
-4327
7018
-11440
18921
1630
-4358
-1814
-18057
13025
-16508
18402
-10964
11995
-19333
4291
2887
-149
-682
-14838
19527
12568
-9189
2643
-8737
-17087
8909
8834
4471
4542
8247
5800
1200
6381
-3065
10758
9959
-13947
9904
-5720
-12263
10351
12154
-10292
-131
-17321
-10107
-12522
-17310
-8786
17027
-2935
-14970
7100
7644
-6744
2849
-17984
-13307
-15903
-7923
-18423
-2234
551
16917
4241
-18533
15908
-17581
19491
-9009
-11623
8433
-7543
-14360
-9380
5783
8798
2583
12920
-8628
11780
-12346
13424
-16189
17071
-1268
1185
9596
-4047
945
19058
8662
4227
-15396
-9632
-9835
-1466
3480
2400
-5742
2782
18184
-1567
-16728
-18380
10705
16142
-14525
-6775
-15608
-11234
11898
11080
2121
-18492
16297
-120
9789
15763
-3850
6293
-14374
-8942
9245
-7485
-19439
-539
17729
7863
7390
2861
1135
-9219
-14142
6718
-19159
-6342
-14100
-15442
-1101
11584
9363
-18989
5050
-8012
5373
-3996
-16106
-12534
9065
-12001
-7152
-1251
10025
17460
17762
17931
6097
15023
7920
13949
14958
-19733
-16807
-2261
-17498
-9650
14032
18852
9225
1721
-14940
-15666
-167
7528
13111
4390
-2687
19689
5941
1720
-18781
-3001
537
-14315
5822
-14208
16543
-5865
3129
-517
-17187
6761
-7047
1214
13720
9712
10022
11918
-789
-10194
1461
-8413
16785
17509
2914
6646
-6602
-15414
15782
-15191
5142
-2341
8552
-10062
-3251
11732
15946
-15817
16458
-18182
-912
10014
3840
-11025
-11038
-15758
-14806
5462
19083
-7323
4916
-12003
16974
-9616
4882
18342
9954
18818
10404
7496
13476
-18797
1001
-14323
14465
-17426
-2523
-11690
12525
12122
11527
12814
10564
-6868
16937
-19943
-15525
19138
8776
9233
-9860
18319
5492
11589
-17560
4284
2521
-9615
5691
6877
-8775
-11049
12842
-6884
18100
15369
18586
-1486
14147
-6119
-6828
-16084
16381
-7251
-10405
8179
3101
-15818
9089
14298
14952
103
5150
-6963
-1786
-1899
6505
4558
4092
15916
-10002
5114
7211
9977
-18832
-13369
-18517
-14265
7660
11724
-13592
-17463
2968
10026
18975
2472
-12899
17067
9178
9353
-2996
-2262
2872
-4864
12889
18546
-4593
16391
-3770
6250
11604
16345
18
-5342
-5872
3535
19072
188
-15544
13054
-8396
13755
-18896
-18489
18547
-19849
-16085
16715
1300
14257
17778
12468
-12596
18705
2606
-15236
4373
15942
-16302
-972
-8175
19066
-9450
-17275
-8976
-8734
-1773
-4858
13034
-11755
-10991
-13283
-5846
11876
-4644
9112
5740
-2497
1374
14733
11827
-17267
16486
-16483
-6476
14055
12102
5144
4524
11940
10685
7281
13773
-6780
6749
13980
-6000
-12926
18302
8351
-6489
-169
-11052
-11089
17813
-1475
771
-19210
476
-12318
12789
13541
-5119
16989
11589
-12746
15964
4753
-861
-11360
18755
14083
-5631
14683
-13483
-11804
-17419
7242
4895
710
7613
88
17994
-14531
2929
-7836
-2974
14300
-14362
15075
-6004
10782
19527
-18027
-13229
12813
17398
11419
18539
7822
3760
-17582
-18110
7325
4704
-5285
-7657
10073
6246
-16978
-10566
5125
-9862
6434
-2995
-10591
-2141
9311
4501
-11745
-6149
9599
7756
13434
-282
-3311
-12773
3666
15301
16665
-18567
4942
19149
7603
-19530
3137
18233
-2164
-5575
7435
-455
-16579
6865
14077
-827
-13979
6226
1532
-15236
19556
-17038
-15931
3573
5210
-19395
-1121
1784
8512
2536
2228
10608
-2245
18143
9228
-19990
10639
-17321
-17950
-4377
8252
-9862
1067
10246
-12382
12834
-16570
-7891
-7887
-5577
-11106
-14571
-1018
-6862
-11086
6292
-15859
-701
-7632
12012
10071
-9542
8284
1942
-7665
-4301
3917
4676
4920
-13949
-5643
-13531
10370
-4769
1261
-18781
16192
13697
-13038
-7084
-7426
13444
10672
-11341
2074
-7976
9005
-15358
-18235
2862
-17699
11724
-16895
19788
6822
-12996
-8092
-9783
15153
9944
-11460
5364
-10418
-10562
978
15501
-17477
7261
-8062
-2675
14122
19227
-6808
-12273
12840
-19348
-6763
6234
12813
-15585
-19144
-17873
-6102
-4375
-2895
17760
-15410
-9830
-7077
63
244
14522
4374
-6994
-9764
3550
2741
-15511
-5280
-10342
-11379
-16722
-5917
-14147
-3626
9999
-6708
-5967
-7300
9498
-11437
-14040
-10296
-14883
3665
15448
-4499
-7815
-3466
11882
-11984
3079
-1817
-8309
-2633
7445
-2978
-17407
5199
-2945
14503
1090
4912
-5898
-15334
7401
26
-9587
13741
11919
-3601
15690
60
4686
1223
5337
-14520
13910
18505
9044
1957
-14866
-13884
-15047
18874
-8671
18663
19273
4798
-12074
-3622
-10551
-9809
-6059
-5241
17213
-8620
11268
-12202
-13832
-11877
4203
16954
16327
-9081
16569
12452
-9283
13418
17913
-19453
-14914
10102
10912
-8062
-16262
-8350
11098
3992
-16387
16534
-12148
4934
18634
11736
-6618
-15098
-1670
76
12738
-5141
-6891
4185
11490
-161
-8865
-18294
6423
-18041
7677
-7532
-8367
-13619
12769
10327
-16534
7775
-16771
-14537
18653
17043
6684
-6693
11608
-3096
14093
8145
-15289
12346
-16571
-18589
9571
-18961
-9735
-10280
3136
4338
10771
2208
13225
-2130
7649
9631
-3613
-1149
18112
6526
-12968
10517
13167
-923
10404
-7163
-186
-14437
-7650
-8060
-10057
17606
12549
-15271
-16575
11587
-13526
-16426
-10837
241
-9030
7742
-3547
19115
5786
11228
15915
-10547
16308
16777
8691
19743
-2341
-17230
-15233
-15643
18265
-18131
14946
-141
-19264
-12472
-7508
-10704
9823
15022
3107
-13892
-18785
-10987
12361
-8827
237
-10565
-14309
-3231
-15203
-5993
11150
15394
-10786
5181
8504
2201
17700
-15690
-1453
-4754
16044
5241
14264
4071
-4089
-9376
12491
-19102
-6520
15852
-14348
13431
14713
613
2752
491
-12305
-12158
371
19455
19507
-6490
-14639
-16132
-10290
-18083
18556
-12085
569
-13872
-16851
11952
-11477
-9783
13144
5856
19240
6596
-9424
2951
723
15015
11320
-4924
-7324
9689
-7574
19732
3929
11085
-1781
-19401
-17872
-9286
-2757
-12423
-10207
18676
57
8978
-15021
2016
-16988
-7687
14068
15894
14655
-16686
-7761
-17702
-10574
-2351
-13934
7218
-12484
-16746
10268
758
-1220
-3983
-19744
11229
-19426
-12879
5522
-9473
-9763
16190
9793
-8707
14145
-5806
11396
3515
16593
7158
7210
6456
14754
-10598
-6343
-1407
-4527
11649
-1773
-3395
13447
18434
15622
-1355
-10486
-8447
-12384
-6235
12682
3252
15764
14216
14170
-5318
9149
10783
4344
-4205
-8865
-19242
12553
-3350
-8933
11577
2155
-17849
6024
-9869
13532
1815
-136
-7805
18521
-2521
10407
-15231
-12154
-6000
-19829
-12353
8187
-508
5405
17776
939
-7233
4242
-18472
-15424
-5297
-2838
-4896
17275
-16661
-10593
660
4447
-1950
15408
-7851
14850
-4996
15817
9699
-9337
15144
4742
-17210
13028
-5192
2382
-15240
-15257
7938
599
-4916
-15327
6259
8511
10542
-882
3900
-15337
-4629
-13523
-12658
6873
5697
4442
5498
1979
-9355
13447
-19051
-1063
5296
3634
-6374
11886
9460
-6626
6307
17888
12957
-7610
-14678
-10014
13393
-12001
12532
-7040
-17423
3664
-17080
-19928
-15759
1704
-817
-9896
15164
-17126
3396
-9885
-11588
15091
-18567
5590
-12178
1241
-13211
7428
15531
-4928
3212
-11644
-13976
18388
15297
9483
-18523
-17317
380
-57
-2570
6648
17281
747
17315
-14608
-7143
10740
15668
8307
-1445
-7227
16000
-2370
14380
16505
15412
2698
15075
-15440
-13886
11760
-6147
-19619
-7086
1074
-16482
13005
15237
-9305
10635
19375
-5691
-14748
-9729
-12941
-532
-3207
11810
-13233
16115
-19702
-19730
-5567
-16351
-3987
-260
-16585
19200
-15101
5262
-19681
15522
19369
-441
-17135
17166
4447
-5105
12779
14014
9040
-12899
2708
1867
11750
-1609
4383
-2787
-11700
-2734
4748
-4975
-6728
7960
18210
-9465
-16025
-12590
-5519
-12777
7661
-4949
8463
17802
-2795
-15701
17869
669
-7058
-12826
-4978
10606
615
-17400
3346
-2969
5412
-12459
8093
19844
-12260
13105
-8098
18726
18113
-8299
14613
-2067
-16808
-17397
1008
-5834
-14475
-677
-1139
8927
-17293
981
4392
10418
-3444
13612
-1065
-14213
19505
17832
-14838
1849
3637
15871
4650
2609
10692
-6562
-3670
11845
-18063
-17473
-2511
-13340
-9192
-19614
-3755
-5122
-2131
-10076
12563
12235
-3698
-12612
-7986
-11981
2899
-16177
14033
5877
-17913
-7810
-7577
-16982
5859
1453
-4846
14394
16520
9248
7556
16621
-8821
10532
-3124
18943
-10944
10786
10273
-16599
-12738
136
-11144
10805
-7375
-15080
10716
18863
955
-3003
-4253
-10123
-13276
-1335
-12257
-10174
6414
12324
10508
-10842
-15372
13119
-12261
15785
11126
-14918
-7711
-7944
-1641
-19116
6113
19168
10918
10849
17204
-17873
15879
-13789
-5796
-18751
-2252
2325
5898
-1372
-2697
2245
-378
19168
-7762
-13632
19448
9147
-5660
10668
-13717
-7778
3674
14701
-9806
-9429
5567
12109
8269
-14132
-2610
19756
6701
9813
3938
-980
7027
-9538
-13684
3249
-8824
2084
3302
1480
18548
-3386
16505
15956
16684
-1951
-4052
16947
-8427
3870
-14627
16459
13653
-15131
-13686
3297
-16335
-13097
8485
-13199
18633
-17548
18027
18572
-15072
5981
18554
3813
-7058
-2594
-9035
-9932
7999
-11782
328
-17048
16726
-11122
8188
17312
-10573
10700
13535
13236
-9444
391
7770
-12435
10673
16140
-16019
-1545
-14037
-297
19720
2528
10645
12690
-938
7982
-8670
10692
-16169
13544
-16687
-5167
10275
16087
-804
-7426
-11471
1563
3133
6393
19178
-17233
-18514
-95
-3915
7327
-696
18736
8063
-7668
2664
14070
-16664
-17250
-15968
-14857
8010
-2213
-4543
-1650
5974
-6492
-5685
-14464
-19595
14008
-11807
-16595
1917
16390
15217
8309
-17882
5342
-11874
8921
16383
-2643
-15407
-9337
-5763
12616
10776
8150
2508
-4474
8241
13680
-13081
-4519
-12628
8708
-2049
-1764
-876
15543
-13948
-5767
18706
19859
-1883
-14989
12140
11361
-17834
-17379
-6097
-10353
13952
12251
19714
-8486
-526
17477
-6450
-14710
3250
16745
3401
-9830
-15804
10101
-1852
-7399
13853
-808
-16283
-3221
-13142
-10291
-19631
16346
-17922
14260
-10417
10168
-18484
-12299
-9260
10014
-14201
4749
12154
-19774
-15863
2793
10511
3868
-7442
-8596
7863
15838
-1995
-5910
11107
-14732
-12268
-12529
-8656
18695
5698
17017
8184
7566
276
18441
15216
2279
-4407
11068
4927
16571
884
9661
6090
7333
6203
-12935
-8216
-9015
13571
-14982
6779
4514
-17934
12129
3466
-6352
12863
8790
1163
-18799
6689
2342
-5736
-13946
-14232
-6354
11398
-5320
-19666
-338
-18549
-15307
419
-1358
3354
-16369
9638
5842
-11921
-19735
-19182
5811
4125
-359
-11545
-18999
-12252
-13402
-11945
-16551
2247
-18697
-15914
-19142
15300
-5213
-19151
-16464
15823
4592
-12758
15541
9740
-11322
-736
-12995
15845
-3700
-19403
2821
-15539
1318
-1365
-784
-10065
-17900
-4386
7673
18290
9312
7871
6018
-5495
6812
17480
11086
-14333
13440
5081
