679
12
16
30
8
11
27
4
13
30
21
27
5
21
17
15
24
14
15
4
24
11
10
15
4
20
13
12
3
16
17
22
27
27
27
21
21
25
24
14
4
19
4
14
12
27
30
27
23
1
18
11
20
15
16
8
3
2
27
19
29
16
2
27
14
30
1
9
24
27
24
29
21
2
1
6
8
26
3
7
21
16
19
3
29
6
2
13
12
19
18
20
29
6
15
18
18
7
1
13
27
21
3
27
7
19
21
19
14
11
1
7
29
21
28
14
28
30
29
8
28
18
28
6
9
5
1
15
18
13
18
1
26
20
10
30
13
22
26
10
16
14
29
1
19
12
21
8
9
1
21
19
8
23
16
10
24
28
19
3
19
7
1
2
23
30
12
10
12
28
2
6
4
20
23
15
20
27
18
28
15
23
7
18
23
30
23
3
5
1
7
15
4
24
22
9
13
28
9
19
30
11
27
11
29
15
15
19
1
1
20
27
11
21
18
26
1
14
9
23
7
10
6
11
22
18
3
11
29
14
2
22
18
29
28
4
26
27
19
8
16
5
2
4
11
10
4
13
6
26
9
30
19
16
12
21
6
16
19
12
12
4
21
17
30
29
9
12
23
15
1
4
26
2
8
3
8
2
1
12
14
21
5
4
5
3
3
2
18
8
28
11
8
7
26
12
15
15
4
12
2
22
20
22
26
5
4
18
9
10
14
5
16
8
28
22
30
17
13
28
26
7
25
16
17
21
27
19
6
26
18
23
28
19
11
22
2
14
8
1
29
16
24
9
25
24
25
1
9
5
13
28
3
7
17
25
28
4
5
6
9
16
13
13
22
21
7
27
27
6
21
16
10
12
29
11
14
16
22
24
26
27
10
2
14
20
21
22
3
17
25
28
10
3
22
13
3
11
18
4
17
29
4
3
15
27
19
21
8
6
11
12
13
11
10
13
6
12
29
2
1
16
25
11
12
23
7
7
21
17
8
3
29
18
8
27
23
7
17
18
2
30
14
27
6
13
16
29
23
10
8
22
12
16
4
2
5
23
22
22
21
13
1
22
29
8
13
25
4
14
20
29
25
12
1
1
3
28
6
29
7
8
14
11
9
16
22
14
15
6
23
1
16
26
28
19
30
22
29
28
1
22
26
10
20
9
28
1
15
3
29
7
18
23
15
13
30
20
13
13
17
30
11
28
21
20
14
29
14
12
2
11
30
9
29
16
13
4
22
1
18
21
29
12
8
16
14
23
11
15
20
10
9
16
11
1
12
28
19
1
25
30
17
4
2
19
8
9
25
30
1
26
29
13
26
27
1
29
21
6
7
21
18
30
23
23
2
15
28
28
5
15
15
21
6
19
5
26
10
19
9
5
29
12
15
24
12
27
20
15
30
13
8
14
25
5
12
18
11
10
17
23
11
27
25
17
11
8
8
7
22
6
20
2
27
2
23
7
15
29
12
6
25
14
29
23
7
2
27
2
8
18
15
1
3
16
24
2
18
28
14
4
19
14
23
25
24
6
17
23
12
6
3
13
28
11
29
28
29
3