700000 72
700001 2
700002 40
700003 4
700004 12
700005 16
700006 4
700007 8
700008 16
700009 4
700010 8
700011 24
700012 6
700013 4
700014 24
700015 8
700016 20
700017 8
700018 16
700019 4
700020 36
700021 4
700022 8
700023 4
700024 32
700025 6
700026 16
700027 2
700028 24
700029 16
700030 8
700031 8
700032 32
700033 4
700034 8
700035 32
700036 24
700037 4
700038 12
700039 4
700040 64
700041 4
700042 16
700043 4
700044 12
700045 4
700046 8
700047 6
700048 10
700049 8
700050 48
700051 8
700052 6
700053 8
700054 8
700055 8
700056 64
700057 2
700058 4
700059 4
700060 48
700061 4
700062 16
700063 16
700064 24
700065 24
700066 4
700067 2
700068 24
700069 4
700070 32
700071 4
700072 8
700073 8
700074 48
700075 12
700076 12
700077 32
700078 4
700079 2
700080 40
700081 2
700082 8
700083 24
700084 24
700085 8
700086 8
700087 2
700088 8
700089 16
700090 8
700091 8
700092 18
700093 4
700094 16
700095 16
700096 14
700097 8
700098 32
700099 2
700100 18
700101 12
700102 8
700103 2
700104 32
700105 16
700106 16
700107 8
700108 12
700109 2
700110 32
700111 4
700112 60
700113 4
700114 8
700115 8
700116 24
700117 4
700118 8
700119 12
700120 32
700121 4
700122 8
700123 4
700124 12
700125 16
700126 16
700127 2
700128 144
700129 2
700130 16
700131 16
700132 12
700133 4
700134 8
700135 8
700136 8
700137 8
700138 8
700139 4
700140 48
700141 4
700142 8
700143 16
700144 10
700145 8
700146 24
700147 8
700148 12
700149 8
700150 48
700151 8
700152 16
700153 4
700154 16
700155 12
700156 6
700157 4
700158 16
700159 4
700160 36
700161 24
700162 8
700163 4
700164 30
700165 8
700166 16
700167 12
700168 16
700169 8
700170 16
700171 2
700172 12
700173 6
700174 4
700175 12
700176 40
700177 4
700178 4
700179 8
700180 24
700181 4
700182 24
700183 8
700184 8
700185 8
700186 4
700187 4
700188 48
700189 8
700190 8
700191 8
700192 12
700193 4
700194 24
700195 8
700196 24
700197 8
700198 8
700199 2
700200 72
700201 2
700202 8
700203 8
700204 12
700205 16
700206 32
700207 8
700208 20
700209 6
700210 24
700211 2
700212 48
700213 4
700214 4
700215 8
700216 32
700217 8
700218 16
700219 8
700220 24
700221 4
700222 4
700223 2
700224 56
700225 12
700226 8
700227 18
700228 12
700229 2
700230 32
700231 8
700232 16
700233 8
700234 8
700235 8
700236 36
700237 2
700238 16
700239 8
700240 20
700241 2
700242 8
700243 4
700244 6
700245 80
700246 8
700247 6
700248 32
700249 4
700250 16
700251 4
700252 24
700253 6
700254 12
700255 8
700256 24
700257 4
700258 16
700259 12
700260 48
700261 4
700262 8
700263 12
700264 32
700265 4
700266 16
700267 4
700268 6
700269 4
700270 16
700271 16
700272 40
700273 8
700274 4
700275 12
700276 6
700277 2
700278 16
700279 2
700280 64
700281 24
700282 16
700283 4
700284 36
700285 4
700286 8
700287 8
700288 16
700289 8
700290 48
700291 4
700292 12
700293 8
700294 8
700295 8
700296 16
700297 8
700298 16
700299 16
700300 36
700301 4
700302 16
700303 2
700304 40
700305 8
700306 8
700307 2
700308 54
700309 4
700310 16
700311 4
700312 8
700313 4
700314 8
700315 32
700316 6
700317 6
700318 4
700319 2
700320 48
700321 16
700322 8
700323 8
700324 6
700325 12
700326 48
700327 4
700328 8
700329 8
700330 16
700331 2
700332 24
700333 4
700334 8
700335 24
700336 60
700337 4
700338 16
700339 2
700340 36
700341 16
700342 8
700343 4
700344 48
700345 4
700346 8
700347 8
700348 18
700349 8
700350 96
700351 4
700352 28
700353 8
700354 8
700355 4
700356 12
700357 6
700358 4
700359 16
700360 16
700361 2
700362 48
700363 2
700364 12
700365 8
700366 8
700367 2
700368 20
700369 4
700370 16
700371 12
700372 12
700373 8
700374 16
700375 16
700376 8
700377 8
700378 16
700379 4
700380 48
700381 4
700382 4
700383 16
700384 24
700385 8
700386 8
700387 2
700388 12
700389 12
700390 8
700391 2
700392 64
700393 2
700394 8
700395 16
700396 18
700397 8
700398 24
700399 4
700400 60
700401 8
700402 8
700403 8
700404 12
700405 8
700406 16
700407 10
700408 16
700409 4
700410 32
700411 4
700412 6
700413 8
700414 32
700415 8
700416 78
700417 4
700418 8
700419 8
700420 24
700421 4
700422 16
700423 2
700424 8
700425 36
700426 4
700427 16
700428 12
700429 2
700430 16
700431 4
700432 10
700433 2
700434 64
700435 16
700436 12
700437 16
700438 4
700439 4
700440 64
700441 8
700442 8
700443 12
700444 12
700445 8
700446 8
700447 8
700448 48
700449 8
700450 12
700451 4
700452 18
700453 4
700454 8
700455 24
700456 8
700457 4
700458 16
700459 2
700460 12
700461 8
700462 8
700463 4
700464 20
700465 8
700466 16
700467 4
700468 12
700469 12
700470 48
700471 2
700472 8
700473 8
700474 4
700475 6
700476 48
700477 4
700478 8
700479 12
700480 56
700481 4
700482 8
700483 4
700484 12
700485 32
700486 8
700487 4
700488 80
700489 4
700490 16
700491 8
700492 24
700493 4
700494 16
700495 8
700496 10
700497 12
700498 4
700499 2
700500 48
700501 4
700502 16
700503 8
700504 24
700505 12
700506 12
700507 8
700508 12
700509 8
700510 8
700511 16
700512 24
700513 8
700514 4
700515 16
700516 6
700517 4
700518 32
700519 8
700520 32
700521 8
700522 8
700523 2
700524 72
700525 12
700526 8
700527 4
700528 10
700529 4
700530 32
700531 4
700532 24
700533 12
700534 16
700535 16
700536 48
700537 2
700538 8
700539 8
700540 12
700541 4
700542 16
700543 4
700544 32
700545 8
700546 16
700547 4
700548 12
700549 4
700550 12
700551 6
700552 16
700553 18
700554 16
700555 4
700556 12
700557 32
700558 8
700559 4
700560 120
700561 2
700562 4
700563 8
700564 6
700565 8
700566 16
700567 8
700568 32
700569 21
700570 32
700571 2
700572 24
700573 2
700574 16
700575 12
700576 12
700577 2
700578 12
700579 4
700580 24
700581 16
700582 16
700583 4
700584 16
700585 8
700586 4
700587 24
700588 24
700589 4
700590 48
700591 2
700592 10
700593 8
700594 8
700595 16
700596 48
700597 2
700598 8
700599 8
700600 48
700601 4
700602 24
700603 8
700604 12
700605 12
700606 16
700607 4
700608 56
700609 8
700610 8
700611 8
700612 12
700613 4
700614 12
700615 4
700616 16
700617 8
700618 8
700619 4
700620 24
700621 4
700622 8
700623 32
700624 10
700625 20
700626 16
700627 2
700628 12
700629 8
700630 16
700631 8
700632 48
700633 2
700634 8
700635 16
700636 12
700637 8
700638 16
700639 2
700640 48
700641 6
700642 8
700643 2
700644 48
700645 8
700646 8
700647 4
700648 16
700649 8
700650 60
700651 12
700652 12
700653 4
700654 8
700655 8
700656 40
700657 4
700658 8
700659 12
700660 24
700661 4
700662 16
700663 4
700664 8
700665 16
700666 8
700667 4
700668 18
700669 8
700670 8
700671 4
700672 72
700673 2
700674 24
700675 6
700676 12
700677 8
700678 8
700679 8
700680 32
700681 2
700682 8
700683 8
700684 12
700685 8
700686 48
700687 4
700688 10
700689 16
700690 16
700691 4
700692 12
700693 8
700694 4
700695 24
700696 8
700697 4
700698 16
700699 6
700700 108
700701 12
700702 4
700703 2
700704 48
700705 8
700706 16
700707 16
700708 12
700709 4
700710 16
700711 6
700712 8
700713 24
700714 8
700715 4
700716 12
700717 2
700718 8
700719 8
700720 40
700721 4
700722 24
700723 8
700724 12
700725 12
700726 8
700727 8
700728 64
700729 4
700730 16
700731 20
700732 12
700733 4
700734 8
700735 8
700736 14
700737 8
700738 8
700739 8
700740 72
700741 4
700742 8
700743 16
700744 16
700745 8
700746 8
700747 4
700748 12
700749 24
700750 16
700751 2
700752 40
700753 4
700754 4
700755 32
700756 24
700757 4
700758 32
700759 2
700760 16
700761 8
700762 4
700763 4
700764 24
700765 8
700766 16
700767 6
700768 24
700769 4
700770 64
700771 6
700772 12
700773 4
700774 8
700775 6
700776 24
700777 16
700778 8
700779 8
700780 24
700781 2
700782 8
700783 4
700784 20
700785 32
700786 16
700787 4
700788 24
700789 2
700790 8
700791 32
700792 16
700793 4
700794 12
700795 4
700796 12
700797 4
700798 12
700799 4
700800 96
700801 2
700802 8
700803 6
700804 12
700805 8
700806 16
700807 4
700808 16
700809 8
700810 32
700811 2
700812 72
700813 4
700814 16
700815 16
700816 10
700817 16
700818 8
700819 8
700820 24
700821 12
700822 4
700823 4
700824 16
700825 18
700826 16
700827 4
700828 12
700829 4
700830 48
700831 2
700832 36
700833 16
700834 8
700835 4
700836 12
700837 2
700838 8
700839 16
700840 32
700841 4
700842 16
700843 16
700844 6
700845 8
700846 4
700847 6
700848 60
700849 2
700850 24
700851 4
700852 12
700853 4
700854 64
700855 4
700856 32
700857 12
700858 4
700859 4
700860 24
700861 8
700862 4
700863 4
700864 28
700865 8
700866 16
700867 4
700868 12
700869 8
700870 16
700871 2
700872 64
700873 4
700874 4
700875 48
700876 24
700877 2
700878 16
700879 8
700880 20
700881 8
700882 16
700883 2
700884 18
700885 4
700886 4
700887 16
700888 16
700889 8
700890 32
700891 8
700892 12
700893 20
700894 4
700895 16
700896 72
700897 2
700898 8
700899 8
700900 36
700901 4
700902 24
700903 4
700904 8
700905 8
700906 4
700907 2
700908 24
700909 4
700910 64
700911 12
700912 20
700913 4
700914 8
700915 8
700916 6
700917 8
700918 4
700919 2
700920 128
700921 4
700922 8
700923 4
700924 12
700925 18
700926 16
700927 4
700928 30
700929 12
700930 16
700931 8
700932 12
700933 2
700934 8
700935 16
700936 16
700937 2
700938 24
700939 4
700940 24
700941 8
700942 16
700943 4
700944 40
700945 12
700946 8
700947 16
700948 24
700949 2
700950 24
700951 4
700952 16
700953 12
700954 8
700955 4
700956 18
700957 4
700958 8
700959 16
700960 48
700961 4
700962 8
700963 2
700964 24
700965 24
700966 8
700967 8
700968 16
700969 4
700970 16
700971 8
700972 12
700973 8
700974 20
700975 12
700976 20
700977 12
700978 16
700979 6
700980 48
700981 4
700982 8
700983 12
700984 8
700985 4
700986 64
700987 8
700988 12
700989 4
700990 8
700991 4
700992 42
700993 2
700994 24
700995 16
700996 12
700997 4
700998 8
700999 4
701000 32
701001 16
701002 8
701003 4
701004 12
701005 16
701006 4
701007 4
701008 40
701009 2
701010 24
701011 2
701012 36
701013 8
701014 8
701015 8
701016 16
701017 8
701018 16
701019 24
701020 12
701021 4
701022 16
701023 2
701024 24
701025 24
701026 8
701027 4
701028 24
701029 16
701030 16
701031 8
701032 8
701033 2
701034 16
701035 4
701036 12
701037 6
701038 16
701039 4
701040 80
701041 8
701042 4
701043 24
701044 6
701045 8
701046 48
701047 2
701048 8
701049 4
701050 24
701051 4
701052 48
701053 4
701054 8
701055 24
701056 16
701057 4
701058 16
701059 4
701060 12
701061 4
701062 12
701063 16
701064 96
701065 8
701066 8
701067 4
701068 6
701069 4
701070 16
701071 4
701072 20
701073 12
701074 12
701075 12
701076 24
701077 8
701078 8
701079 4
701080 32
701081 4
701082 16
701083 4
701084 12
701085 32
701086 8
701087 4
701088 48
701089 2
701090 16
701091 6
701092 30
701093 4
701094 8
701095 8
701096 32
701097 16
701098 4
701099 8
701100 108
701101 4
701102 8
701103 8
701104 20
701105 4
701106 16
701107 4
701108 6
701109 16
701110 8
701111 4
701112 32
701113 8
701114 12
701115 16
701116 24
701117 2
701118 24
701119 4
701120 56
701121 8
701122 4
701123 4
701124 12
701125 16
701126 4
701127 24
701128 8
701129 8
701130 16
701131 4
701132 12
701133 8
701134 16
701135 4
701136 50
701137 4
701138 8
701139 4
701140 24
701141 12
701142 32
701143 4
701144 8
701145 12
701146 8
701147 2
701148 48
701149 4
701150 24
701151 8
701152 12
701153 4
701154 12
701155 32
701156 12
701157 8
701158 16
701159 2
701160 32
701161 4
701162 32
701163 8
701164 6
701165 16
701166 16
701167 4
701168 20
701169 16
701170 8
701171 4
701172 18
701173 4
701174 4
701175 12
701176 32
701177 2
701178 16
701179 2
701180 12
701181 18
701182 16
701183 4
701184 72
701185 4
701186 4
701187 8
701188 12
701189 4
701190 96
701191 4
701192 8
701193 8
701194 16
701195 24
701196 24
701197 8
701198 8
701199 12
701200 30
701201 8
701202 8
701203 4
701204 24
701205 8
701206 8
701207 4
701208 24
701209 2
701210 8
701211 8
701212 6
701213 4
701214 16
701215 8
701216 24
701217 20
701218 8
701219 2
701220 96
701221 2
701222 8
701223 8
701224 32
701225 12
701226 24
701227 2
701228 12
701229 4
701230 8
701231 4
701232 40
701233 16
701234 4
701235 12
701236 6
701237 4
701238 16
701239 12
701240 32
701241 4
701242 4
701243 8
701244 48
701245 4
701246 16
701247 8
701248 14
701249 4
701250 80
701251 4
701252 12
701253 12
701254 8
701255 8
701256 32
701257 2
701258 4
701259 8
701260 24
701261 8
701262 12
701263 4
701264 20
701265 8
701266 8
701267 16
701268 12
701269 4
701270 16
701271 16
701272 32
701273 4
701274 32
701275 6
701276 12
701277 4
701278 16
701279 2
701280 72
701281 4
701282 8
701283 16
701284 12
701285 8
701286 8
701287 8
701288 24
701289 12
701290 16
701291 2
701292 12
701293 4
701294 16
701295 16
701296 20
701297 4
701298 56
701299 2
701300 18
701301 8
701302 8
701303 4
701304 16
701305 16
701306 8
701307 12
701308 6
701309 8
701310 32
701311 8
701312 16
701313 8
701314 4
701315 4
701316 108
701317 4
701318 8
701319 8
701320 32
701321 4
701322 16
701323 4
701324 12
701325 24
701326 4
701327 8
701328 40
701329 2
701330 32
701331 4
701332 6
701333 4
701334 24
701335 16
701336 16
701337 24
701338 16
701339 4
701340 24
701341 2
701342 8
701343 12
701344 48
701345 4
701346 16
701347 4
701348 12
701349 16
701350 36
701351 4
701352 64
701353 4
701354 4
701355 8
701356 12
701357 2
701358 16
701359 2
701360 40
701361 6
701362 16
701363 4
701364 24
701365 16
701366 8
701367 8
701368 8
701369 4
701370 24
701371 4
701372 24
701373 8
701374 8
701375 16
701376 56
701377 2
701378 8
701379 20
701380 12
701381 4
701382 16
701383 2
701384 16
701385 32
701386 24
701387 4
701388 18
701389 8
701390 8
701391 8
701392 20
701393 8
701394 24
701395 8
701396 6
701397 6
701398 4
701399 2
701400 96
701401 2
701402 16
701403 12
701404 24
701405 4
701406 32
701407 8
701408 24
701409 16
701410 8
701411 4
701412 12
701413 2
701414 8
701415 48
701416 16
701417 2
701418 8
701419 2
701420 24
701421 16
701422 4
701423 12
701424 30
701425 6
701426 8
701427 8
701428 48
701429 4
701430 32
701431 4
701432 8
701433 16
701434 8
701435 16
701436 12
701437 16
701438 4
701439 8
701440 44
701441 8
701442 48
701443 2
701444 6
701445 16
701446 8
701447 2
701448 32
701449 4
701450 12
701451 12
701452 12
701453 2
701454 48
701455 8
701456 20
701457 8
701458 4
701459 8
701460 60
701461 4
701462 4
701463 8
701464 8
701465 8
701466 8
701467 4
701468 12
701469 12
701470 32
701471 4
701472 24
701473 2
701474 4
701475 24
701476 12
701477 8
701478 12
701479 2
701480 64
701481 16
701482 4
701483 4
701484 36
701485 4
701486 8
701487 8
701488 20
701489 2
701490 32
701491 4
701492 24
701493 8
701494 4
701495 8
701496 24
701497 2
701498 16
701499 16
701500 48
701501 4
701502 16
701503 4
701504 28
701505 48
701506 8
701507 2
701508 24
701509 2
701510 32
701511 4
701512 16
701513 4
701514 32
701515 8
701516 12
701517 8
701518 8
701519 12
701520 80
701521 4
701522 16
701523 12
701524 12
701525 12
701526 16
701527 2
701528 8
701529 8
701530 24
701531 2
701532 36
701533 12
701534 4
701535 8
701536 24
701537 4
701538 8
701539 8
701540 24
701541 12
701542 4
701543 4
701544 16
701545 16
701546 16
701547 16
701548 12
701549 2
701550 36
701551 8
701552 20
701553 4
701554 8
701555 8
701556 48
701557 8
701558 24
701559 6
701560 16
701561 16
701562 8
701563 4
701564 6
701565 8
701566 4
701567 4
701568 128
701569 16
701570 8
701571 8
701572 6
701573 4
701574 8
701575 24
701576 8
701577 12
701578 4
701579 2
701580 48
701581 2
701582 12
701583 4
701584 20
701585 4
701586 12
701587 4
701588 12
701589 8
701590 16
701591 4
701592 64
701593 2
701594 16
701595 16
701596 12
701597 8
701598 8
701599 8
701600 36
701601 8
701602 8
701603 8
701604 18
701605 4
701606 4
701607 8
701608 8
701609 2
701610 64
701611 2
701612 6
701613 24
701614 8
701615 8
701616 40
701617 8
701618 4
701619 8
701620 12
701621 2
701622 40
701623 8
701624 64
701625 16
701626 8
701627 2
701628 24
701629 2
701630 8
701631 36
701632 28
701633 8
701634 16
701635 8
701636 24
701637 4
701638 16
701639 4
701640 48
701641 8
701642 8
701643 4
701644 6
701645 8
701646 16
701647 4
701648 10
701649 16
701650 12
701651 4
701652 24
701653 2
701654 8
701655 16
701656 16
701657 8
701658 24
701659 4
701660 12
701661 8
701662 8
701663 4
701664 24
701665 4
701666 8
701667 12
701668 24
701669 2
701670 32
701671 2
701672 16
701673 8
701674 16
701675 24
701676 48
701677 4
701678 8
701679 12
701680 60
701681 2
701682 16
701683 4
701684 24
701685 24
701686 4
701687 8
701688 48
701689 4
701690 16
701691 8
701692 18
701693 4
701694 24
701695 4
701696 18
701697 8
701698 8
701699 2
701700 36
701701 16
701702 4
701703 10
701704 16
701705 8
701706 16
701707 4
701708 24
701709 8
701710 16
701711 2
701712 60
701713 4
701714 16
701715 32
701716 12
701717 4
701718 8
701719 2
701720 32
701721 6
701722 8
701723 4
701724 12
701725 6
701726 8
701727 16
701728 12
701729 6
701730 64
701731 2
701732 6
701733 4
701734 16
701735 8
701736 32
701737 4
701738 4
701739 12
701740 24
701741 2
701742 32
701743 8
701744 20
701745 16
701746 16
701747 4
701748 36
701749 4
701750 32
701751 4
701752 8
701753 8
701754 8
701755 4
701756 24
701757 32
701758 8
701759 4
701760 112
701761 2
701762 4
701763 4
701764 24
701765 16
701766 24
701767 8
701768 8
701769 4
701770 8
701771 8
701772 12
701773 4
701774 4
701775 18
701776 20
701777 4
701778 64
701779 8
701780 12
701781 8
701782 4
701783 2
701784 72
701785 8
701786 8
701787 8
701788 6
701789 4
701790 32
701791 2
701792 48
701793 6
701794 8
701795 8
701796 24
701797 4
701798 4
701799 16
701800 72
701801 4
701802 24
701803 8
701804 12
701805 32
701806 8
701807 4
701808 20
701809 4
701810 8
701811 32
701812 6
701813 8
701814 8
701815 4
701816 16
701817 4
701818 8
701819 2
701820 72
701821 4
701822 32
701823 4
701824 16
701825 12
701826 16
701827 6
701828 12
701829 12
701830 8
701831 4
701832 16
701833 4
701834 8
701835 16
701836 12
701837 2
701838 32
701839 4
701840 40
701841 16
701842 8
701843 4
701844 48
701845 16
701846 8
701847 6
701848 32
701849 4
701850 24
701851 8
701852 6
701853 8
701854 8
701855 16
701856 36
701857 6
701858 8
701859 8
701860 24
701861 4
701862 32
701863 2
701864 16
701865 20
701866 16
701867 4
701868 24
701869 4
701870 16
701871 8
701872 10
701873 4
701874 12
701875 10
701876 18
701877 8
701878 8
701879 16
701880 32
701881 2
701882 4
701883 24
701884 12
701885 8
701886 8
701887 4
701888 28
701889 8
701890 32
701891 4
701892 48
701893 4
701894 4
701895 16
701896 32
701897 4
701898 32
701899 4
701900 18
701901 12
701902 8
701903 2
701904 40
701905 4
701906 8
701907 4
701908 12
701909 4
701910 48
701911 8
701912 8
701913 8
701914 8
701915 8
701916 24
701917 4
701918 16
701919 8
701920 48
701921 6
701922 16
701923 4
701924 6
701925 36
701926 4
701927 8
701928 24
701929 4
701930 16
701931 8
701932 48
701933 4
701934 8
701935 8
701936 20
701937 12
701938 8
701939 8
701940 24
701941 4
701942 4
701943 16
701944 8
701945 16
701946 40
701947 8
701948 12
701949 4
701950 24
701951 2
701952 40
701953 4
701954 8
701955 24
701956 12
701957 2
701958 8
701959 4
701960 64
701961 16
701962 4
701963 2
701964 72
701965 8
701966 4
701967 8
701968 20
701969 2
701970 16
701971 4
701972 6
701973 8
701974 48
701975 12
701976 32
701977 4
701978 4
701979 4
701980 12
701981 12
701982 24
701983 6
701984 12
701985 16
701986 8
701987 8
701988 48
701989 4
701990 8
701991 6
701992 16
701993 4
701994 16
701995 16
701996 6
701997 8
701998 16
701999 4
702000 160
702001 4
702002 16
702003 8
702004 12
702005 4
702006 16
702007 2
702008 8
702009 24
702010 8
702011 2
702012 24
702013 4
702014 8
702015 16
702016 28
702017 2
702018 24
702019 4
702020 24
702021 4
702022 4
702023 6
702024 16
702025 6
702026 24
702027 18
702028 12
702029 8
702030 32
702031 8
702032 40
702033 8
702034 8
702035 4
702036 18
702037 4
702038 16
702039 16
702040 16
702041 8
702042 24
702043 4
702044 12
702045 12
702046 4
702047 4
702048 48
702049 8
702050 24
702051 16
702052 24
702053 4
702054 16
702055 4
702056 16
702057 8
702058 8
702059 4
702060 24
702061 8
702062 4
702063 6
702064 20
702065 16
702066 16
702067 2
702068 12
702069 16
702070 8
702071 4
702072 72
702073 4
702074 4
702075 48
702076 6
702077 2
702078 16
702079 4
702080 32
702081 8
702082 4
702083 4
702084 24
702085 4
702086 32
702087 4
702088 32
702089 4
702090 48
702091 8
702092 6
702093 16
702094 4
702095 4
702096 20
702097 8
702098 8
702099 12
702100 72
702101 2
702102 8
702103 4
702104 32
702105 8
702106 4
702107 8
702108 60
702109 4
702110 16
702111 8
702112 24
702113 2
702114 32
702115 4
702116 12
702117 24
702118 4
702119 16
702120 32
702121 16
702122 4
702123 8
702124 12
702125 16
702126 24
702127 2
702128 20
702129 4
702130 32
702131 2
702132 12
702133 4
702134 16
702135 32
702136 8
702137 2
702138 8
702139 2
702140 12
702141 8
702142 8
702143 4
702144 84
702145 12
702146 8
702147 8
702148 12
702149 8
702150 48
702151 8
702152 32
702153 6
702154 4
702155 8
702156 48
702157 4
702158 4
702159 8
702160 40
702161 4
702162 16
702163 12
702164 12
702165 8
702166 8
702167 4
702168 32
702169 4
702170 24
702171 12
702172 6
702173 2
702174 16
702175 6
702176 12
702177 16
702178 8
702179 2
702180 72
702181 4
702182 16
702183 16
702184 16
702185 16
702186 16
702187 4
702188 12
702189 10
702190 32
702191 4
702192 20
702193 2
702194 4
702195 24
702196 12
702197 4
702198 24
702199 2
702200 24
702201 4
702202 16
702203 2
702204 24
702205 8
702206 8
702207 24
702208 36
702209 4
702210 32
702211 2
702212 24
702213 8
702214 8
702215 4
702216 32
702217 4
702218 16
702219 24
702220 12
702221 8
702222 8
702223 4
702224 10
702225 18
702226 8
702227 8
702228 24
702229 4
702230 8
702231 8
702232 16
702233 8
702234 24
702235 12
702236 24
702237 8
702238 8
702239 2
702240 192
702241 4
702242 4
702243 16
702244 9
702245 4
702246 8
702247 8
702248 16
702249 4
702250 24
702251 4
702252 18
702253 8
702254 16
702255 8
702256 10
702257 2
702258 8
702259 8
702260 48
702261 24
702262 16
702263 4
702264 32
702265 4
702266 4
702267 4
702268 18
702269 2
702270 72
702271 4
702272 14
702273 16
702274 16
702275 12
702276 24
702277 4
702278 8
702279 6
702280 32
702281 2
702282 32
702283 2
702284 18
702285 8
702286 8
702287 8
702288 30
702289 8
702290 8
702291 8
702292 6
702293 8
702294 16
702295 12
702296 16
702297 24
702298 8
702299 8
702300 36
702301 4
702302 4
702303 16
702304 24
702305 16
702306 24
702307 4
702308 12
702309 4
702310 32
702311 2
702312 32
702313 2
702314 4
702315 12
702316 12
702317 12
702318 8
702319 4
702320 20
702321 16
702322 8
702323 2
702324 48
702325 12
702326 8
702327 8
702328 32
702329 2
702330 32
702331 4
702332 12
702333 12
702334 8
702335 8
702336 64
702337 2
702338 32
702339 8
702340 12
702341 2
702342 12
702343 4
702344 8
702345 16
702346 8
702347 2
702348 24
702349 2
702350 24
702351 40
702352 20
702353 2
702354 32
702355 8
702356 12
702357 8
702358 4
702359 8
702360 48
702361 8
702362 8
702363 4
702364 18
702365 4
702366 24
702367 8
702368 24
702369 6
702370 8
702371 8
702372 48
702373 8
702374 8
702375 16
702376 8
702377 8
702378 16
702379 2
702380 48
702381 8
702382 8
702383 4
702384 20
702385 4
702386 8
702387 12
702388 12
702389 8
702390 32
702391 2
702392 16
702393 4
702394 16
702395 8
702396 36
702397 4
702398 8
702399 8
702400 42
702401 4
702402 16
702403 8
702404 6
702405 48
702406 16
702407 2
702408 64
702409 8
702410 8
702411 8
702412 12
702413 2
702414 12
702415 24
702416 40
702417 4
702418 8
702419 4
702420 48
702421 4
702422 16
702423 12
702424 8
702425 6
702426 8
702427 4
702428 12
702429 32
702430 16
702431 2
702432 60
702433 2
702434 4
702435 8
702436 12
702437 4
702438 32
702439 2
702440 32
702441 6
702442 8
702443 8
702444 12
702445 8
702446 4
702447 4
702448 20
702449 8
702450 72
702451 2
702452 12
702453 8
702454 8
702455 16
702456 16
702457 8
702458 4
702459 8
702460 48
702461 4
702462 24
702463 4
702464 48
702465 8
702466 8
702467 4
702468 72
702469 2
702470 16
702471 16
702472 16
702473 4
702474 32
702475 6
702476 12
702477 12
702478 8
702479 4
702480 40
702481 4
702482 16
702483 4
702484 6
702485 8
702486 16
702487 4
702488 8
702489 8
702490 8
702491 12
702492 24
702493 4
702494 16
702495 24
702496 24
702497 2
702498 16
702499 4
702500 30
702501 4
702502 8
702503 2
702504 48
702505 8
702506 24
702507 8
702508 12
702509 4
702510 16
702511 2
702512 30
702513 36
702514 4
702515 16
702516 12
702517 2
702518 4
702519 8
702520 64
702521 4
702522 24
702523 2
702524 6
702525 48
702526 12
702527 4
702528 28
702529 2
702530 16
702531 6
702532 6
702533 6
702534 32
702535 16
702536 16
702537 16
702538 4
702539 2
702540 48
702541 4
702542 8
702543 4
702544 20
702545 8
702546 16
702547 4
702548 24
702549 12
702550 12
702551 2
702552 32
702553 8
702554 8
702555 16
702556 24
702557 2
702558 24
702559 16
702560 24
702561 4
702562 24
702563 8
702564 24
702565 8
702566 8
702567 8
702568 16
702569 8
702570 32
702571 4
702572 24
702573 4
702574 4
702575 12
702576 120
702577 4
702578 4
702579 4
702580 12
702581 8
702582 16
702583 8
702584 16
702585 24
702586 4
702587 2
702588 12
702589 2
702590 16
702591 4
702592 32
702593 8
702594 20
702595 8
702596 6
702597 8
702598 16
702599 2
702600 48
702601 4
702602 4
702603 24
702604 24
702605 4
702606 8
702607 2
702608 10
702609 4
702610 16
702611 12
702612 36
702613 2
702614 16
702615 16
702616 16
702617 4
702618 16
702619 4
702620 36
702621 16
702622 4
702623 2
702624 48
702625 32
702626 8
702627 16
702628 12
702629 4
702630 48
702631 4
702632 16
702633 4
702634 8
702635 4
702636 24
702637 4
702638 8
702639 24
702640 20
702641 4
702642 16
702643 4
702644 12
702645 16
702646 16
702647 6
702648 32
702649 4
702650 48
702651 4
702652 6
702653 4
702654 8
702655 8
702656 14
702657 12
702658 24
702659 4
702660 72
702661 4
702662 8
702663 16
702664 8
702665 4
702666 24
702667 8
702668 12
702669 16
702670 16
702671 2
702672 20
702673 8
702674 16
702675 30
702676 12
702677 8
702678 24
702679 2
702680 32
702681 8
702682 4
702683 2
702684 36
702685 8
702686 4
702687 8
702688 24
702689 8
702690 32
702691 8
702692 6
702693 12
702694 4
702695 16
702696 64
702697 4
702698 8
702699 16
702700 18
702701 2
702702 96
702703 4
702704 20
702705 16
702706 8
702707 2
702708 24
702709 6
702710 8
702711 6
702712 16
702713 8
702714 8
702715 16
702716 12
702717 4
702718 4
702719 4
702720 108
702721 2
702722 4
702723 16
702724 12
702725 6
702726 16
702727 4
702728 32
702729 16
702730 16
702731 2
702732 24
702733 2
702734 8
702735 16
702736 20
702737 4
702738 12
702739 4
702740 24
702741 16
702742 8
702743 2
702744 64
702745 4
702746 16
702747 12
702748 6
702749 8
702750 32
702751 4
702752 12
702753 8
702754 16
702755 4
702756 42
702757 8
702758 24
702759 8
702760 16
702761 4
702762 8
702763 8
702764 6
702765 48
702766 4
702767 4
702768 50
702769 4
702770 16
702771 8
702772 24
702773 2
702774 12
702775 6
702776 16
702777 4
702778 8
702779 8
702780 96
702781 8
702782 4
702783 8
702784 28
702785 4
702786 32
702787 2
702788 12
702789 8
702790 16
702791 8
702792 48
702793 8
702794 4
702795 8
702796 6
702797 4
702798 8
702799 4
702800 60
702801 24
702802 4
702803 2
702804 12
702805 8
702806 8
702807 16
702808 16
702809 2
702810 64
702811 4
702812 12
702813 4
702814 16
702815 16
702816 24
702817 2
702818 8
702819 12
702820 12
702821 4
702822 16
702823 8
702824 8
702825 12
702826 4
702827 2
702828 36
702829 8
702830 16
702831 8
702832 40
702833 8
702834 32
702835 16
702836 6
702837 10
702838 8
702839 4
702840 32
702841 4
702842 16
702843 4
702844 24
702845 16
702846 12
702847 2
702848 48
702849 8
702850 12
702851 2
702852 24
702853 2
702854 4
702855 12
702856 48
702857 4
702858 16
702859 4
702860 24
702861 4
702862 8
702863 16
702864 40
702865 8
702866 8
702867 24
702868 12
702869 2
702870 32
702871 6
702872 16
702873 12
702874 4
702875 8
702876 12
702877 4
702878 16
702879 4
702880 48
702881 2
702882 24
702883 4
702884 24
702885 16
702886 16
702887 2
702888 16
702889 12
702890 8
702891 16
702892 6
702893 2
702894 16
702895 8
702896 20
702897 16
702898 8
702899 8
702900 108
702901 4
702902 8
702903 16
702904 16
702905 24
702906 16
702907 4
702908 6
702909 6
702910 16
702911 4
702912 56
702913 2
702914 4
702915 8
702916 12
702917 4
702918 20
702919 4
702920 16
702921 8
702922 16
702923 8
702924 24
702925 12
702926 32
702927 12
702928 10
702929 4
702930 16
702931 4
702932 12
702933 32
702934 8
702935 4
702936 48
702937 2
702938 4
702939 8
702940 24
702941 4
702942 16
702943 4
702944 24
702945 32
702946 8
702947 8
702948 12
702949 8
702950 24
702951 4
702952 8
702953 4
702954 36
702955 8
702956 12
702957 4
702958 4
702959 4
702960 80
702961 8
702962 16
702963 12
702964 24
702965 4
702966 16
702967 4
702968 16
702969 4
702970 8
702971 4
702972 48
702973 4
702974 8
702975 48
702976 20
702977 4
702978 8
702979 4
702980 12
702981 12
702982 16
702983 2
702984 32
702985 8
702986 8
702987 8
702988 24
702989 8
702990 48
702991 2
702992 20
702993 4
702994 4
702995 8
702996 24
702997 4
702998 8
702999 24
703000 64
703001 8
703002 8
703003 6
703004 12
703005 8
703006 4
703007 4
703008 36
703009 4
703010 48
703011 8
703012 6
703013 2
703014 16
703015 4
703016 8
703017 12
703018 32
703019 8
703020 24
703021 8
703022 8
703023 4
703024 20
703025 12
703026 32
703027 8
703028 6
703029 4
703030 16
703031 8
703032 32
703033 2
703034 4
703035 24
703036 6
703037 4
703038 32
703039 2
703040 56
703041 12
703042 8
703043 4
703044 36
703045 16
703046 8
703047 8
703048 8
703049 4
703050 48
703051 4
703052 36
703053 16
703054 8
703055 4
703056 40
703057 4
703058 4
703059 8
703060 12
703061 4
703062 24
703063 4
703064 16
703065 16
703066 16
703067 4
703068 24
703069 4
703070 16
703071 12
703072 24
703073 8
703074 16
703075 6
703076 36
703077 8
703078 8
703079 4
703080 160
703081 2
703082 8
703083 4
703084 12
703085 4
703086 32
703087 16
703088 10
703089 6
703090 8
703091 4
703092 24
703093 8
703094 8
703095 16
703096 8
703097 4
703098 48
703099 4
703100 36
703101 12
703102 4
703103 8
703104 32
703105 16
703106 8
703107 8
703108 12
703109 8
703110 32
703111 8
703112 16
703113 8
703114 8
703115 8
703116 18
703117 2
703118 8
703119 8
703120 80
703121 2
703122 16
703123 2
703124 6
703125 24
703126 4
703127 2
703128 16
703129 4
703130 8
703131 24
703132 6
703133 8
703134 32
703135 4
703136 48
703137 12
703138 8
703139 2
703140 24
703141 2
703142 16
703143 12
703144 16
703145 4
703146 8
703147 4
703148 12
703149 4
703150 48
703151 4
703152 60
703153 8
703154 8
703155 8
703156 12
703157 8
703158 8
703159 4
703160 16
703161 10
703162 12
703163 4
703164 48
703165 8
703166 8
703167 8
703168 14
703169 2
703170 48
703171 16
703172 12
703173 8
703174 4
703175 12
703176 32
703177 4
703178 8
703179 24
703180 12
703181 4
703182 16
703183 4
703184 20
703185 32
703186 8
703187 4
703188 48
703189 4
703190 16
703191 8
703192 32
703193 2
703194 16
703195 4
703196 12
703197 12
703198 4
703199 12
703200 72
703201 4
703202 8
703203 8
703204 24
703205 8
703206 24
703207 4
703208 32
703209 24
703210 8
703211 2
703212 12
703213 4
703214 8
703215 16
703216 10
703217 2
703218 8
703219 4
703220 24
703221 16
703222 32
703223 2
703224 24
703225 12
703226 8
703227 8
703228 18
703229 2
703230 32
703231 2
703232 36
703233 6
703234 8
703235 16
703236 12
703237 4
703238 8
703239 8
703240 16
703241 8
703242 24
703243 2
703244 6
703245 16
703246 8
703247 4
703248 120
703249 2
703250 32
703251 6
703252 18
703253 4
703254 8
703255 16
703256 16
703257 8
703258 8
703259 8
703260 36
703261 8
703262 16
703263 16
703264 12
703265 8
703266 32
703267 2
703268 12
703269 24
703270 8
703271 4
703272 16
703273 8
703274 16
703275 12
703276 12
703277 2
703278 24
703279 4
703280 40
703281 8
703282 8
703283 4
703284 24
703285 16
703286 4
703287 12
703288 8
703289 4
703290 64
703291 4
703292 12
703293 4
703294 8
703295 4
703296 112
703297 12
703298 6
703299 8
703300 36
703301 2
703302 16
703303 4
703304 32
703305 12
703306 4
703307 8
703308 48
703309 2
703310 16
703311 16
703312 20
703313 4
703314 24
703315 4
703316 6
703317 8
703318 16
703319 4
703320 32
703321 2
703322 4
703323 20
703324 12
703325 12
703326 32
703327 2
703328 24
703329 8
703330 16
703331 2
703332 36
703333 4
703334 4
703335 8
703336 8
703337 8
703338 8
703339 16
703340 48
703341 12
703342 16
703343 4
703344 20
703345 8
703346 12
703347 8
703348 6
703349 2
703350 48
703351 8
703352 16
703353 8
703354 8
703355 16
703356 12
703357 2
703358 16
703359 12
703360 64
703361 4
703362 16
703363 8
703364 12
703365 16
703366 16
703367 8
703368 24
703369 4
703370 16
703371 4
703372 6
703373 6
703374 16
703375 16
703376 10
703377 16
703378 12
703379 2
703380 48
703381 4
703382 4
703383 4
703384 16
703385 4
703386 24
703387 4
703388 12
703389 4
703390 16
703391 8
703392 48
703393 2
703394 8
703395 72
703396 12
703397 4
703398 16
703399 4
703400 24
703401 4
703402 16
703403 4
703404 60
703405 4
703406 8
703407 8
703408 10
703409 16
703410 16
703411 2
703412 6
703413 6
703414 4
703415 4
703416 64
703417 8
703418 16
703419 4
703420 12
703421 4
703422 12
703423 6
703424 28
703425 24
703426 12
703427 4
703428 36
703429 4
703430 32
703431 8
703432 16
703433 4
703434 8
703435 8
703436 6
703437 32
703438 8
703439 4
703440 60
703441 2
703442 8
703443 16
703444 36
703445 4
703446 8
703447 2
703448 8
703449 12
703450 24
703451 4
703452 36
703453 8
703454 4
703455 16
703456 48
703457 4
703458 32
703459 2
703460 24
703461 8
703462 4
703463 2
703464 16
703465 16
703466 4
703467 6
703468 12
703469 8
703470 32
703471 2
703472 40
703473 8
703474 8
703475 12
703476 18
703477 4
703478 16
703479 16
703480 32
703481 4
703482 32
703483 8
703484 12
703485 28
703486 16
703487 4
703488 44
703489 2
703490 16
703491 8
703492 6
703493 10
703494 72
703495 16
703496 16
703497 4
703498 4
703499 2
703500 96
703501 8
703502 4
703503 6
703504 10
703505 8
703506 8
703507 4
703508 24
703509 8
703510 8
703511 8
703512 32
703513 8
703514 16
703515 8
703516 24
703517 4
703518 16
703519 4
703520 24
703521 24
703522 8
703523 4
703524 24
703525 12
703526 4
703527 8
703528 32
703529 4
703530 24
703531 2
703532 12
703533 4
703534 8
703535 8
703536 20
703537 2
703538 16
703539 16
703540 24
703541 4
703542 24
703543 4
703544 8
703545 32
703546 4
703547 12
703548 18
703549 8
703550 12
703551 8
703552 14
703553 4
703554 8
703555 8
703556 12
703557 6
703558 4
703559 2
703560 128
703561 2
703562 8
703563 8
703564 6
703565 8
703566 40
703567 4
703568 10
703569 8
703570 48
703571 8
703572 12
703573 4
703574 16
703575 36
703576 16
703577 4
703578 16
703579 4
703580 24
703581 4
703582 8
703583 4
703584 72
703585 4
703586 8
703587 4
703588 6
703589 6
703590 32
703591 12
703592 16
703593 32
703594 4
703595 8
703596 24
703597 4
703598 16
703599 8
703600 30
703601 6
703602 12
703603 4
703604 12
703605 16
703606 4
703607 4
703608 32
703609 4
703610 16
703611 6
703612 24
703613 4
703614 8
703615 12
703616 32
703617 4
703618 8
703619 4
703620 48
703621 4
703622 4
703623 4
703624 16
703625 16
703626 32
703627 8
703628 12
703629 12
703630 16
703631 2
703632 40
703633 4
703634 16
703635 16
703636 6
703637 8
703638 48
703639 4
703640 48
703641 4
703642 8
703643 2
703644 24
703645 4
703646 8
703647 40
703648 24
703649 4
703650 24
703651 8
703652 12
703653 8
703654 8
703655 4
703656 48
703657 2
703658 4
703659 8
703660 24
703661 4
703662 16
703663 2
703664 40
703665 24
703666 12
703667 4
703668 24
703669 4
703670 16
703671 8
703672 8
703673 2
703674 32
703675 12
703676 6
703677 8
703678 8
703679 2
703680 56
703681 16
703682 8
703683 12
703684 24
703685 16
703686 8
703687 4
703688 8
703689 12
703690 16
703691 2
703692 36
703693 4
703694 4
703695 16
703696 40
703697 4
703698 16
703699 2
703700 36
703701 16
703702 4
703703 32
703704 32
703705 4
703706 8
703707 8
703708 12
703709 2
703710 48
703711 2
703712 12
703713 4
703714 16
703715 12
703716 36
703717 8
703718 4
703719 6
703720 32
703721 2
703722 16
703723 4
703724 24
703725 24
703726 4
703727 4
703728 60
703729 4
703730 8
703731 32
703732 24
703733 2
703734 16
703735 8
703736 24
703737 6
703738 24
703739 4
703740 48
703741 4
703742 8
703743 8
703744 18
703745 8
703746 12
703747 4
703748 6
703749 8
703750 20
703751 4
703752 64
703753 2
703754 8
703755 32
703756 6
703757 8
703758 16
703759 4
703760 40
703761 4
703762 8
703763 2
703764 36
703765 8
703766 16
703767 4
703768 32
703769 8
703770 16
703771 4
703772 12
703773 12
703774 4
703775 6
703776 24
703777 8
703778 8
703779 8
703780 48
703781 8
703782 16
703783 4
703784 8
703785 8
703786 8
703787 12
703788 24
703789 2
703790 8
703791 12
703792 10
703793 8
703794 32
703795 4
703796 6
703797 4
703798 8
703799 4
703800 144
703801 8
703802 8
703803 8
703804 12
703805 4
703806 16
703807 4
703808 28
703809 10
703810 8
703811 8
703812 24
703813 8
703814 8
703815 16
703816 8
703817 8
703818 24
703819 2
703820 24
703821 8
703822 8
703823 8
703824 80
703825 12
703826 4
703827 6
703828 12
703829 4
703830 32
703831 4
703832 16
703833 8
703834 16
703835 16
703836 96
703837 2
703838 4
703839 4
703840 48
703841 4
703842 8
703843 4
703844 6
703845 12
703846 32
703847 4
703848 16
703849 2
703850 24
703851 16
703852 6
703853 4
703854 12
703855 16
703856 10
703857 24
703858 4
703859 8
703860 24
703861 2
703862 4
703863 16
703864 16
703865 4
703866 16
703867 4
703868 24
703869 12
703870 16
703871 8
703872 96
703873 2
703874 8
703875 16
703876 12
703877 4
703878 16
703879 8
703880 16
703881 12
703882 8
703883 2
703884 12
703885 36
703886 8
703887 4
703888 40
703889 4
703890 80
703891 4
703892 24
703893 16
703894 8
703895 4
703896 32
703897 2
703898 8
703899 12
703900 18
703901 8
703902 32
703903 2
703904 12
703905 16
703906 16
703907 2
703908 18
703909 4
703910 16
703911 8
703912 32
703913 4
703914 8
703915 8
703916 6
703917 24
703918 4
703919 8
703920 80
703921 3
703922 8
703923 16
703924 12
703925 12
703926 12
703927 8
703928 8
703929 16
703930 8
703931 4
703932 12
703933 4
703934 24
703935 12
703936 28
703937 8
703938 16
703939 4
703940 24
703941 8
703942 4
703943 2
703944 32
703945 8
703946 16
703947 8
703948 24
703949 2
703950 72
703951 4
703952 10
703953 24
703954 8
703955 8
703956 24
703957 2
703958 8
703959 4
703960 16
703961 8
703962 48
703963 4
703964 6
703965 16
703966 8
703967 4
703968 24
703969 16
703970 32
703971 12
703972 6
703973 4
703974 8
703975 12
703976 32
703977 4
703978 12
703979 4
703980 36
703981 2
703982 4
703983 12
703984 20
703985 4
703986 8
703987 4
703988 24
703989 24
703990 32
703991 2
703992 16
703993 4
703994 8
703995 8
703996 12
703997 8
703998 16
703999 8
704000 80
704001 8
704002 8
704003 2
704004 72
704005 8
704006 8
704007 24
704008 8
704009 2
704010 32
704011 16
704012 12
704013 8
704014 4
704015 8
704016 30
704017 2
704018 8
704019 4
704020 12
704021 4
704022 16
704023 2
704024 8
704025 48
704026 16
704027 2
704028 24
704029 2
704030 16
704031 8
704032 36
704033 8
704034 12
704035 8
704036 24
704037 8
704038 8
704039 8
704040 32
704041 8
704042 4
704043 12
704044 12
704045 8
704046 16
704047 4
704048 20
704049 4
704050 12
704051 4
704052 60
704053 8
704054 12
704055 32
704056 8
704057 4
704058 16
704059 2
704060 48
704061 6
704062 16
704063 4
704064 56
704065 4
704066 8
704067 16
704068 6
704069 2
704070 24
704071 4
704072 32
704073 8
704074 8
704075 6
704076 24
704077 4
704078 8
704079 16
704080 40
704081 6
704082 16
704083 4
704084 6
704085 16
704086 4
704087 2
704088 96
704089 8
704090 16
704091 8
704092 6
704093 8
704094 16
704095 8
704096 12
704097 6
704098 4
704099 12
704100 36
704101 2
704102 16
704103 16
704104 16
704105 8
704106 64
704107 8
704108 12
704109 8
704110 32
704111 2
704112 20
704113 4
704114 4
704115 12
704116 12
704117 2
704118 8
704119 4
704120 32
704121 16
704122 8
704123 16
704124 18
704125 16
704126 8
704127 8
704128 16
704129 4
704130 48
704131 2
704132 24
704133 10
704134 16
704135 4
704136 16
704137 4
704138 4
704139 4
704140 48
704141 2
704142 12
704143 4
704144 20
704145 32
704146 4
704147 4
704148 12
704149 4
704150 12
704151 12
704152 8
704153 2
704154 32
704155 4
704156 12
704157 8
704158 32
704159 4
704160 96
704161 2
704162 4
704163 4
704164 6
704165 32
704166 8
704167 4
704168 32
704169 6
704170 16
704171 4
704172 48
704173 4
704174 16
704175 24
704176 20
704177 2
704178 48
704179 8
704180 24
704181 4
704182 8
704183 2
704184 64
704185 4
704186 16
704187 16
704188 6
704189 2
704190 16
704191 8
704192 14
704193 8
704194 4
704195 4
704196 36
704197 8
704198 8
704199 4
704200 48
704201 4
704202 16
704203 4
704204 6
704205 12
704206 8
704207 8
704208 40
704209 4
704210 16
704211 16
704212 6
704213 2
704214 64
704215 8
704216 32
704217 8
704218 4
704219 2
704220 72
704221 8
704222 4
704223 18
704224 24
704225 12
704226 8
704227 4
704228 18
704229 4
704230 8
704231 8
704232 24
704233 2
704234 8
704235 32
704236 24
704237 8
704238 8
704239 4
704240 20
704241 8
704242 32
704243 2
704244 12
704245 8
704246 4
704247 4
704248 16
704249 16
704250 48
704251 2
704252 6
704253 8
704254 16
704255 8
704256 72
704257 8
704258 16
704259 12
704260 24
704261 4
704262 16
704263 4
704264 32
704265 16
704266 4
704267 4
704268 24
704269 2
704270 16
704271 8
704272 10
704273 8
704274 16
704275 24
704276 12
704277 18
704278 8
704279 2
704280 32
704281 2
704282 8
704283 16
704284 12
704285 8
704286 24
704287 2
704288 24
704289 8
704290 8
704291 4
704292 24
704293 6
704294 8
704295 40
704296 8
704297 8
704298 32
704299 2
704300 18
704301 8
704302 8
704303 2
704304 60
704305 8
704306 16
704307 4
704308 12
704309 2
704310 32
704311 6
704312 16
704313 12
704314 16
704315 4
704316 12
704317 8
704318 8
704319 16
704320 56
704321 2
704322 16
704323 8
704324 6
704325 12
704326 12
704327 8
704328 16
704329 8
704330 32
704331 6
704332 12
704333 8
704334 8
704335 4
704336 10
704337 8
704338 8
704339 6
704340 144
704341 6
704342 16
704343 4
704344 16
704345 4
704346 16
704347 4
704348 6
704349 16
704350 12
704351 4
704352 96
704353 4
704354 8
704355 8
704356 6
704357 2
704358 24
704359 4
704360 16
704361 16
704362 4
704363 4
704364 24
704365 8
704366 8
704367 12
704368 40
704369 4
704370 32
704371 4
704372 12
704373 4
704374 16
704375 30
704376 40
704377 4
704378 8
704379 8
704380 24
704381 8
704382 32
704383 4
704384 16
704385 24
704386 4
704387 8
704388 12
704389 8
704390 8
704391 8
704392 24
704393 2
704394 12
704395 8
704396 24
704397 4
704398 8
704399 2
704400 60
704401 4
704402 4
704403 16
704404 12
704405 8
704406 32
704407 4
704408 16
704409 4
704410 32
704411 4
704412 36
704413 6
704414 8
704415 16
704416 12
704417 8
704418 32
704419 2
704420 12
704421 24
704422 8
704423 4
704424 48
704425 12
704426 8
704427 4
704428 12
704429 8
704430 32
704431 8
704432 10
704433 4
704434 4
704435 8
704436 24
704437 4
704438 16
704439 12
704440 32
704441 2
704442 16
704443 8
704444 48
704445 16
704446 8
704447 2
704448 42
704449 2
704450 24
704451 8
704452 24
704453 2
704454 16
704455 4
704456 16
704457 24
704458 4
704459 8
704460 48
704461 2
704462 24
704463 16
704464 10
704465 4
704466 24
704467 8
704468 12
704469 12
704470 16
704471 4
704472 32
704473 12
704474 4
704475 36
704476 12
704477 2
704478 8
704479 4
704480 96
704481 8
704482 8
704483 8
704484 48
704485 4
704486 8
704487 8
704488 16
704489 4
704490 32
704491 4
704492 6
704493 6
704494 8
704495 8
704496 40
704497 8
704498 4
704499 4
704500 24
704501 8
704502 12
704503 4
704504 16
704505 16
704506 16
704507 2
704508 24
704509 4
704510 8
704511 16
704512 30
704513 4
704514 16
704515 8
704516 6
704517 16
704518 8
704519 4
704520 96
704521 2
704522 32
704523 8
704524 12
704525 6
704526 16
704527 2
704528 20
704529 24
704530 16
704531 4
704532 12
704533 4
704534 4
704535 16
704536 32
704537 4
704538 20
704539 8
704540 12
704541 4
704542 4
704543 4
704544 48
704545 4
704546 4
704547 6
704548 24
704549 2
704550 96
704551 2
704552 8
704553 4
704554 8
704555 16
704556 18
704557 8
704558 8
704559 8
704560 20
704561 12
704562 8
704563 4
704564 12
704565 32
704566 8
704567 2
704568 32
704569 2
704570 8
704571 12
704572 24
704573 4
704574 24
704575 6
704576 28
704577 16
704578 16
704579 2
704580 24
704581 2
704582 24
704583 18
704584 16
704585 16
704586 8
704587 8
704588 12
704589 4
704590 8
704591 8
704592 80
704593 2
704594 8
704595 16
704596 24
704597 4
704598 16
704599 16
704600 48
704601 12
704602 4
704603 2
704604 24
704605 16
704606 8
704607 4
704608 24
704609 4
704610 24
704611 4
704612 6
704613 32
704614 8
704615 8
704616 64
704617 2
704618 4
704619 10
704620 36
704621 4
704622 8
704623 4
704624 20
704625 16
704626 16
704627 8
704628 54
704629 4
704630 16
704631 8
704632 8
704633 8
704634 32
704635 8
704636 6
704637 12
704638 8
704639 8
704640 64
704641 8
704642 8
704643 8
704644 6
704645 4
704646 16
704647 2
704648 16
704649 16
704650 24
704651 4
704652 24
704653 4
704654 4
704655 24
704656 10
704657 2
704658 8
704659 4
704660 24
704661 8
704662 8
704663 2
704664 24
704665 16
704666 4
704667 16
704668 12
704669 12
704670 32
704671 12
704672 36
704673 8
704674 8
704675 12
704676 24
704677 4
704678 8
704679 4
704680 32
704681 2
704682 24
704683 4
704684 24
704685 16
704686 8
704687 2
704688 40
704689 4
704690 16
704691 24
704692 12
704693 4
704694 16
704695 4
704696 16
704697 16
704698 4
704699 4
704700 108
704701 4
704702 16
704703 8
704704 84
704705 8
704706 16
704707 4
704708 12
704709 6
704710 16
704711 4
704712 16
704713 2
704714 4
704715 16
704716 6
704717 8
704718 72
704719 2
704720 40
704721 4
704722 4
704723 8
704724 12
704725 12
704726 16
704727 16
704728 16
704729 8
704730 48
704731 2
704732 12
704733 8
704734 4
704735 8
704736 36
704737 4
704738 4
704739 16
704740 24
704741 4
704742 16
704743 8
704744 8
704745 12
704746 16
704747 2
704748 48
704749 4
704750 16
704751 4
704752 20
704753 8
704754 32
704755 8
704756 12
704757 8
704758 12
704759 8
704760 64
704761 2
704762 4
704763 6
704764 6
704765 8
704766 16
704767 12
704768 18
704769 16
704770 32
704771 2
704772 18
704773 6
704774 8
704775 12
704776 16
704777 2
704778 16
704779 2
704780 24
704781 40
704782 8
704783 2
704784 20
704785 8
704786 16
704787 8
704788 12
704789 4
704790 48
704791 4
704792 16
704793 4
704794 16
704795 16
704796 12
704797 2
704798 4
704799 6
704800 36
704801 2
704802 32
704803 8
704804 6
704805 16
704806 4
704807 2
704808 64
704809 8
704810 8
704811 8
704812 24
704813 8
704814 32
704815 8
704816 60
704817 12
704818 4
704819 2
704820 48
704821 4
704822 4
704823 8
704824 16
704825 18
704826 12
704827 4
704828 6
704829 8
704830 16
704831 4
704832 28
704833 2
704834 8
704835 32
704836 24
704837 8
704838 16
704839 2
704840 32
704841 4
704842 4
704843 4
704844 36
704845 8
704846 4
704847 32
704848 10
704849 2
704850 48
704851 4
704852 6
704853 6
704854 8
704855 8
704856 32
704857 2
704858 32
704859 8
704860 24
704861 2
704862 40
704863 2
704864 12
704865 32
704866 8
704867 2
704868 24
704869 8
704870 8
704871 18
704872 32
704873 8
704874 16
704875 8
704876 12
704877 4
704878 8
704879 8
704880 120
704881 8
704882 4
704883 4
704884 6
704885 4
704886 32
704887 4
704888 32
704889 8
704890 8
704891 4
704892 12
704893 4
704894 8
704895 8
704896 16
704897 2
704898 12
704899 12
704900 72
704901 4
704902 12
704903 8
704904 32
704905 8
704906 8
704907 24
704908 6
704909 4
704910 16
704911 4
704912 20
704913 16
704914 12
704915 4
704916 48
704917 4
704918 4
704919 16
704920 16
704921 4
704922 16
704923 4
704924 24
704925 36
704926 4
704927 4
704928 48
704929 2
704930 16
704931 4
704932 24
704933 2
704934 12
704935 16
704936 8
704937 4
704938 16
704939 4
704940 48
704941 4
704942 16
704943 14
704944 10
704945 4
704946 24
704947 2
704948 6
704949 8
704950 24
704951 8
704952 24
704953 8
704954 8
704955 8
704956 24
704957 8
704958 16
704959 4
704960 28
704961 24
704962 4
704963 6
704964 24
704965 8
704966 4
704967 4
704968 16
704969 4
704970 64
704971 4
704972 6
704973 16
704974 8
704975 12
704976 40
704977 16
704978 4
704979 12
704980 24
704981 4
704982 8
704983 2
704984 16
704985 16
704986 4
704987 4
704988 18
704989 2
704990 64
704991 16
704992 12
704993 2
704994 8
704995 16
704996 24
704997 8
704998 16
704999 2