9900 9870
830
567
924
810
880
776
582
450
699
482
692
170
734
579
199
753
387
695
810
623
601
327
35
149
297
388
116
406
219
879
404
61
690
159
716
51
30
467
374
368
133
386
543
915
95
103
381
542
711
43
129
423
941
690
398
532
561
804
542
522
689
205
260
780
108
661
440
605
823
177
752
880
350
472
519
245
744
79
84
224
36
533
655
206
779
940
79
959
720
213
449
185
884
812
638
887
155
723
837
394
622
736
679
563
250
209
102
499
200
183
748
512
750
347
516
186
510
84
30
127
611
441
844
640
688
597
955
498
793
592
119
51
202
649
562
259
814
121
915
600
867
539
788
567
424
897
394
567
326
482
407
100
722
740
743
211
852
68
835
613
213
564
666
568
93
727
339
131
745
286
332
419
128
389
219
101
612
307
245
750
232
418
202
340
214
48
288
421
866
381
367
775
245
332
417
333
833
249
503
657
587
293
782
69
180
947
932
362
550
671
558
575
783
114
411
754
392
355
383
75
468
878
224
393
879
516
203
756
932
845
227
392
763
547
193
898
596
162
190
227
76
885
831
224
782
751
952
161
880
622
901
508
825
458
219
669
98
418
150
623
774
205
390
664
473
195
771
265
880
472
188
259
194
186
958
542
76
30
571
157
524
71
835
340
904
679
526
335
358
484
830
208
42
526
412
830
525
196
710
616
940
716
240
438
463
671
343
669
459
637
622
98
806
952
129
732
330
79
720
754
628
465
867
426
602
940
246
627
733
158
46
840
279
914
177
767
791
427
837
262
366
817
835
681
821
761
361
50
427
640
530
476
436
916
947
504
809
773
796
483
454
675
895
331
620
741
778
851
805
322
901
863
202
487
417
771
590
216
564
800
608
226
230
123
587
529
434
323
927
632
918
47
590
383
767
651
882
534
90
109
943
470
204
134
698
626
304
908
528
206
874
622
238
956
834
258
474
801
703
120
337
485
884
202
364
883
302
778
679
726
848
86
155
485
817
168
52
126
384
921
255
485
754
750
717
325
768
594
509
539
206
111
790
929
732
487
545
31
730
775
354
486
259
762
318
818
497
713
169
696
236
378
446
742
825
812
691
163
444
68
144
667
299
169
550
766
255
186
713
359
582
50
355
569
596
729
256
951
462
859
788
85
455
772
333
788
625
77
134
879
755
412
547
691
660
647
216
119
242
511
592
340
30
769
143
215
52
836
176
125
586
699
660
545
240
89
241
486
795
722
171
207
81
793
563
200
462
623
869
909
542
166
739
911
296
477
84
646
659
147
765
748
861
38
323
85
711
31
481
600
435
690
284
480
369
414
289
197
235
903
713
389
927
226
543
449
920
709
278
722
35
555
787
677
917
383
306
73
499
507
448
461
172
298
504
811
842
289
572
841
218
847
440
715
394
405
780
664
455
833
125
32
713
718
595
839
863
566
523
945
138
246
657
687
485
281
247
659
682
691
567
660
166
396
534
147
145
102
312
541
562
601
577
626
412
445
708
413
663
625
908
305
726
586
733
931
220
712
259
143
188
151
941
723
295
424
825
346
214
477
723
791
283
941
413
496
628
60
305
70
533
794
956
87
742
291
894
540
623
562
887
393
802
199
383
441
620
813
360
947
579
391
229
215
861
147
52
744
203
266
333
189
437
219
569
354
155
884
940
33
490
315
683
611
550
360
948
113
588
931
836
774
660
317
451
172
594
770
186
625
269
179
367
386
259
727
916
613
590
58
315
696
832
356
487
294
668
578
625
531
158
898
186
231
390
518
489
149
728
427
719
344
728
345
724
340
907
327
381
782
404
365
483
559
645
170
901
333
789
186
463
46
175
614
496
331
953
166
955
700
268
796
845
193
299
930
928
517
592
177
347
371
226
802
157
752
445
586
545
250
577
186
319
571
923
702
199
143
808
422
346
770
331
640
544
567
480
320
290
675
202
414
700
642
799
122
780
332
487
704
845
397
581
735
153
111
507
303
229
556
761
814
668
199
790
536
70
545
288
549
302
155
326
830
78
193
446
636
731
831
882
827
616
134
537
909
219
556
517
462
90
206
120
693
873
347
705
530
812
293
82
264
73
897
431
720
101
711
687
920
625
830
532
357
634
894
228
564
622
840
347
473
58
785
489
125
64
592
916
690
447
875
784
468
779
647
783
678
662
776
838
467
828
556
797
220
634
722
89
939
149
170
867
931
905
568
236
247
437
336
685
468
754
956
502
709
75
94
538
946
140
509
861
806
32
839
605
461
948
299
451
301
532
936
570
306
37
813
522
241
441
565
271
356
120
399
673
831
83
117
174
569
214
103
828
599
269
91
928
96
923
734
259
167
844
414
896
778
416
226
701
221
531
326
534
535
268
535
715
593
196
733
408
861
154
841
116
459
138
930
67
906
845
455
278
667
336
133
472
666
463
854
445
817
375
913
68
848
528
323
361
694
336
365
860
219
355
357
42
32
327
466
670
445
188
755
336
106
78
826
229
164
92
78
159
301
317
551
515
201
803
228
890
775
599
333
599
509
555
88
341
938
120
469
369
956
214
30
658
579
606
921
799
662
123
227
631
287
235
588
862
764
801
801
189
128
535
855
806
815
185
787
510
949
514
251
74
583
668
163
116
316
852
896
555
841
389
258
681
401
662
341
303
926
186
537
166
279
310
271
450
319
184
803
424
779
441
809
177
832
182
77
579
102
502
575
872
865
275
307
699
307
203
434
182
803
513
544
793
937
115
754
303
427
672
756
161
78
502
736
430
539
111
809
249
614
722
230
454
570
624
260
33
33
532
173
146
710
650
580
295
856
46
199
747
388
734
181
390
705
443
823
393
499
836
189
226
353
215
528
111
312
119
252
342
814
750
300
855
528
640
411
388
881
470
533
522
871
92
821
840
571
800
709
156
761
826
494
156
372
906
752
525
152
499
943
766
753
817
892
597
463
285
821
94
62
465
471
59
332
626
315
291
353
647
499
472
370
126
541
947
286
173
513
582
848
845
265
412
486
726
729
83
159
253
406
315
938
644
123
325
385
465
784
705
621
490
201
464
959
500
426
657
305
905
340
320
732
269
205
177
229
88
532
565
857
261
161
129
270
214
493
686
32
245
592
781
349
768
920
387
673
761
413
945
330
102
737
214
873
116
543
699
468
906
126
326
893
248
807
389
359
101
224
775
37
699
654
90
342
519
930
924
308
778
463
428
635
546
264
785
483
906
216
183
631
754
247
85
149
296
847
131
920
560
58
602
566
598
938
590
407
677
832
383
146
578
420
650
473
658
650
376
943
52
866
412
845
70
174
242
482
598
901
76
631
829
33
708
750
821
821
67
567
633
408
765
104
793
67
82
363
557
572
450
605
501
147
898
654
605
717
526
453
725
138
768
736
785
711
276
574
672
859
612
796
613
769
340
604
130
338
82
32
121
838
884
56
480
431
160
712
95
83
175
134
324
573
801
525
599
59
279
111
750
467
651
657
920
613
951
691
767
324
553
296
665
523
362
847
213
741
286
383
581
524
508
618
714
507
502
70
927
774
34
101
89
930
242
613
217
257
96
826
439
428
905
731
490
838
429
760
241
914
341
817
732
855
489
256
918
63
902
442
141
911
724
952
319
482
237
694
311
708
659
916
675
419
904
182
579
737
158
836
108
701
788
42
463
177
328
194
471
946
654
183
314
614
714
488
664
912
441
37
630
695
479
492
284
384
171
343
910
337
636
211
865
96
363
400
152
711
518
172
184
73
253
325
83
506
632
91
665
445
478
626
325
150
235
373
252
326
718
108
35
945
243
163
339
473
278
247
280
344
365
912
424
298
813
587
471
183
439
738
711
110
637
495
818
40
845
744
821
949
177
786
953
439
167
198
789
119
946
570
257
415
770
350
110
526
232
56
296
607
861
99
847
939
357
884
337
708
305
329
587
494
386
290
196
539
918
944
161
644
758
382
196
828
511
326
299
317
414
322
767
818
477
243
117
108
899
44
112
243
821
111
774
647
942
722
58
509
183
531
567
248
855
612
809
509
862
48
457
60
614
49
323
942
521
729
46
172
203
118
599
904
861
878
783
676
568
509
846
748
298
749
164
843
715
549
923
825
394
568
206
880
546
82
588
801
747
791
155
243
706
845
336
95
891
622
346
937
788
162
900
382
162
669
721
824
845
440
257
932
766
180
738
594
871
679
388
808
320
941
889
737
383
633
72
412
443
98
911
123
232
945
66
261
627
783
748
836
320
723
916
337
563
183
436
555
137
702
183
242
263
498
647
807
233
193
958
488
627
339
411
777
488
164
729
780
144
506
926
117
890
511
517
556
55
582
203
230
226
476
305
701
874
699
819
694
328
219
58
464
785
289
239
941
341
168
808
429
413
616
441
590
735
96
311
712
940
120
781
611
949
758
292
180
63
670
862
749
304
65
481
884
478
491
292
630
301
536
244
846
733
733
776
570
65
675
925
808
417
136
714
238
397
407
474
57
957
89
908
631
266
89
154
378
164
516
142
273
763
641
440
434
835
895
837
246
941
681
145
347
704
83
361
198
311
272
516
100
47
264
633
242
587
573
609
674
608
428
435
508
563
682
75
736
656
309
363
462
530
258
76
305
904
590
887
213
688
916
96
851
30
71
256
528
38
228
806
292
315
193
597
542
276
596
744
52
38
584
501
31
869
83
530
749
218
357
298
957
646
426
945
651
362
543
508
521
456
506
728
458
463
101
177
366
620
493
59
337
805
864
204
133
444
95
942
906
501
467
340
640
889
809
606
848
207
905
209
693
118
252
556
492
815
73
528
798
866
193
158
684
328
921
181
741
251
842
236
297
561
561
50
948
196
118
528
614
455
288
189
674
313
326
248
583
338
672
277
401
527
173
69
337
338
615
342
928
658
824
626
325
698
872
161
516
232
567
325
727
505
873
373
607
34
443
400
32
702
558
432
539
594
795
730
417
522
673
640
540
735
559
916
590
622
824
935
401
194
692
380
731
376
509
855
613
760
422
333
854
244
340
256
130
422
117
690
863
172
703
954
519
887
744
952
905
917
743
945
170
467
959
797
39
207
661
192
114
900
146
617
129
370
745
326
425
333
816
198
534
163
102
258
450
697
821
804
591
517
909
655
46
436
192
417
244
502
246
882
720
884
606
923
55
115
854
179
171
448
557
602
131
574
440
36
394
730
376
301
345
817
561
556
950
451
600
652
207
358
111
882
116
893
437
610
517
139
233
364
803
672
662
173
920
336
554
431
956
185
52
474
155
905
567
863
353
79
932
564
474
231
931
773
366
634
516
197
167
790
479
285
527
42
458
632
184
417
596
643
856
199
656
51
335
597
756
170
355
534
286
468
167
628
849
601
700
848
766
316
779
386
294
196
666
727
906
143
476
894
708
895
442
318
668
305
535
910
467
729
837
375
802
593
533
40
147
859
152
816
892
296
611
310
823
499
864
490
344
568
651
643
654
420
785
351
55
808
920
573
96
750
410
66
438
434
544
661
623
655
609
77
951
620
32
442
313
162
454
198
401
74
595
859
108
224
681
411
767
211
945
299
898
538
750
172
845
574
831
419
915
233
826
648
919
604
651
64
418
373
67
852
384
751
202
51
184
511
918
243
712
163
853
441
670
339
138
443
829
820
556
698
291
64
243
197
207
907
899
464
533
647
952
424
173
122
875
177
365
728
947
364
616
617
667
781
340
415
938
609
495
238
194
557
776
328
591
349
538
34
803
236
571
484
670
94
170
458
297
577
424
921
107
131
832
222
112
633
356
421
817
752
929
319
928
324
483
424
607
805
491
555
598
361
884
741
752
161
906
603
641
841
147
390
215
534
160
93
685
584
246
917
952
146
177
81
267
281
516
376
570
705
811
452
116
828
352
706
206
121
429
910
687
713
739
935
635
568
134
424
193
420
699
52
589
534
563
481
214
833
503
500
605
560
62
896
60
654
304
346
211
414
846
594
185
295
259
268
367
201
406
658
176
121
212
180
36
788
823
541
295
831
521
333
577
888
335
156
680
803
905
940
294
748
242
739
533
135
827
323
304
324
144
42
456
804
353
513
378
842
889
232
791
722
81
340
852
543
46
256
920
132
548
523
256
426
394
388
839
433
607
860
921
529
266
930
716
509
836
733
565
781
738
798
873
702
178
531
697
861
846
950
119
600
363
201
736
580
746
60
440
925
634
905
265
59
270
291
485
110
583
373
666
272
651
168
354
710
609
513
277
822
650
937
546
617
771
350
195
95
224
165
722
806
322
599
176
793
563
844
461
847
75
617
307
502
313
806
909
224
807
56
931
262
743
577
304
656
388
608
247
880
125
420
846
448
611
820
909
81
952
520
176
725
81
390
776
63
659
74
333
924
401
930
247
198
194
489
93
704
325
480
435
915
626
541
751
614
731
819
851
452
856
857
232
316
839
235
211
382
761
270
956
343
304
283
508
155
203
677
283
151
757
235
716
501
115
221
128
500
599
191
292
800
183
840
98
504
728
891
319
919
308
670
903
84
483
122
640
373
62
626
441
83
566
729
655
651
170
690
231
647
136
670
743
599
938
186
189
423
214
34
387
272
388
324
803
117
291
662
48
952
541
715
467
933
709
239
264
413
215
406
363
67
689
631
812
597
886
334
105
326
892
247
188
58
268
199
654
271
886
568
390
468
672
238
136
381
233
770
849
728
882
736
238
767
630
349
542
716
471
235
190
917
586
682
90
323
556
439
694
539
544
952
487
606
46
855
355
480
525
461
394
145
444
337
404
186
39
380
387
878
617
897
759
680
407
432
841
949
178
772
784
753
106
339
214
889
278
591
751
734
954
92
220
40
801
75
502
279
307
864
314
205
82
775
882
606
222
766
229
573
44
365
332
713
636
600
68
135
153
474
867
408
589
612
884
555
707
748
838
362
890
592
671
273
488
608
701
291
416
567
696
471
391
207
720
619
719
467
364
231
36
397
156
793
957
865
576
429
850
357
859
434
887
827
643
411
653
88
255
57
858
736
678
545
737
425
46
411
851
294
795
269
414
637
355
523
465
838
276
582
62
301
400
89
667
292
543
524
524
338
926
661
242
337
332
260
678
570
85
561
849
194
537
586
522
620
49
280
502
149
905
774
772
632
954
586
365
619
838
474
841
481
847
542
328
163
57
106
335
124
804
855
782
674
692
828
724
774
526
77
272
293
52
404
393
181
849
569
342
705
854
89
692
570
679
397
306
955
288
388
592
903
904
407
305
80
952
127
900
156
822
551
122
791
232
577
459
472
179
177
274
448
724
590
230
744
193
241
954
324
551
729
516
168
444
329
349
605
129
342
188
751
628
216
842
332
927
861
368
132
898
794
805
140
143
174
208
344
206
520
847
740
132
605
565
123
65
914
376
862
258
814
373
796
948
483
779
538
707
857
777
292
832
852
386
716
883
405
54
299
150
35
428
568
455
408
649
53
610
748
297
43
514
466
833
113
451
38
152
620
355
630
596
308
703
584
867
239
248
808
199
619
889
106
741
253
416
764
371
570
793
755
887
919
590
764
737
396
48
302
295
875
282
394
903
480
399
149
825
830
500
439
764
762
578
637
113
437
684
610
657
646
627
542
786
560
702
637
678
899
807
501
220
906
542
284
366
525
163
291
813
296
898
500
100
384
950
155
370
912
680
329
671
397
604
608
277
700
567
373
737
721
430
885
53
958
248
818
249
324
301
547
304
423
757
391
708
157
472
432
569
577
297
726
248
507
789
782
331
894
37
626
918
749
513
121
825
43
476
101
165
162
865
76
641
162
55
278
600
243
860
150
258
164
764
189
454
664
667
505
199
425
516
315
316
634
589
514
869
665
525
695
640
401
297
436
671
251
114
115
482
540
212
117
63
847
398
783
945
354
626
191
335
930
862
699
606
580
719
36
533
500
369
895
678
195
469
816
827
357
477
233
579
581
53
618
243
428
281
429
266
765
529
545
68
364
389
669
498
558
790
121
491
108
542
941
201
276
399
827
408
541
916
617
836
423
571
714
907
274
485
207
328
320
729
727
931
783
857
344
766
759
348
299
527
386
702
500
68
72
446
927
59
413
51
685
809
871
669
604
752
634
722
254
102
613
752
201
339
775
39
377
378
85
91
608
223
647
120
479
680
100
676
864
787
518
178
874
298
74
877
90
144
282
551
162
66
123
226
874
593
530
191
252
62
98
578
934
352
402
492
192
780
219
884
682
917
818
427
544
465
838
862
295
857
909
263
125
493
889
571
129
450
206
845
180
868
453
831
718
899
204
552
855
541
715
269
884
358
829
204
208
655
642
439
715
627
856
355
112
795
483
470
423
791
392
701
604
334
733
773
493
946
668
605
290
315
36
713
171
670
338
727
624
714
392
434
768
727
159
512
42
128
749
883
446
693
158
94
179
44
625
580
585
85
670
222
947
67
178
430
620
172
213
402
486
715
805
669
428
918
893
836
204
250
760
395
226
745
188
557
186
902
564
157
75
718
172
569
73
200
446
730
579
689
852
830
874
377
426
690
848
449
626
221
111
748
406
364
285
304
955
232
838
580
273
678
568
86
356
728
573
266
625
258
501
192
286
474
358
890
481
809
348
458
668
696
306
372
76
286
342
767
313
728
204
244
852
958
446
203
291
817
50
658
146
611
783
397
679
878
492
891
35
354
783
175
843
409
871
536
402
225
40
100
415
766
912
857
83
286
300
288
57
184
628
623
789
649
342
87
873
868
652
157
754
410
761
919
904
58
360
472
116
870
761
95
807
910
272
340
659
885
344
423
608
234
863
811
686
189
346
224
97
814
623
494
533
842
306
35
34
953
912
54
886
787
201
147
383
562
776
839
406
32
387
947
553
259
508
550
506
910
263
745
672
166
404
261
276
297
522
924
634
267
335
665
933
319
496
780
62
745
457
153
373
467
778
95
457
635
900
303
363
715
488
83
720
197
342
750
413
899
830
116
69
811
235
168
656
681
44
264
722
688
517
720
482
139
402
234
347
339
764
600
356
249
590
878
739
281
905
765
936
706
397
123
874
371
113
521
262
639
398
735
621
665
541
635
228
727
561
610
754
138
432
104
164
259
719
780
250
316
389
404
736
238
288
46
321
424
805
141
55
840
932
668
900
59
939
651
667
915
680
41
680
324
40
828
304
323
918
645
612
293
300
905
279
954
959
413
407
525
344
763
881
449
585
873
165
723
163
135
280
97
142
295
596
378
684
441
227
419
701
957
465
190
488
722
570
57
419
906
60
555
273
172
601
876
119
260
699
126
693
540
189
813
394
544
180
35
338
861
300
547
216
947
783
346
327
720
921
822
333
137
334
217
104
685
784
929
653
679
288
453
701
130
686
191
798
612
756
904
572
564
678
517
635
472
369
285
349
285
578
358
299
836
753
585
235
931
739
668
720
210
342
618
603
806
805
115
291
622
507
675
924
46
280
729
418
777
541
591
345
528
610
398
131
889
183
825
337
131
915
826
833
117
214
391
252
90
874
789
627
284
954
687
737
862
394
283
586
53
196
418
419
177
353
221
560
903
517
673
652
940
737
190
666
641
802
836
791
848
507
358
862
712
924
91
534
882
621
228
524
860
269
313
894
526
437
685
724
953
791
308
532
230
166
646
506
794
50
126
90
517
451
697
506
797
516
667
212
291
647
637
312
318
178
752
701
453
255
170
234
146
142
798
87
228
785
662
575
308
545
699
862
525
168
37
439
531
767
126
40
729
503
462
335
184
956
244
81
374
905
82
568
840
852
903
405
612
640
308
42
813
121
864
706
907
735
747
180
171
343
199
646
158
160
464
603
639
493
862
232
571
610
231
362
493
161
51
632
225
591
786
851
489
114
186
637
598
716
388
408
239
93
870
61
735
395
440
709
417
329
726
149
737
105
430
233
850
531
242
776
713
144
915
540
516
307
187
74
933
786
35
883
134
483
952
508
700
200
587
127
681
302
245
855
825
667
144
413
643
913
747
96
503
571
655
124
137
359
505
457
238
395
736
590
324
802
44
283
112
882
493
680
904
145
125
441
858
90
675
808
193
733
390
50
69
898
409
523
788
858
400
370
655
159
849
315
526
614
561
52
653
820
330
721
449
97
152
388
476
244
225
77
644
656
293
464
35
715
551
385
423
481
455
214
512
153
55
774
255
770
875
274
488
652
184
333
433
628
560
932
776
51
76
574
662
352
685
958
825
414
309
770
92
205
589
202
395
145
239
326
71
337
162
666
328
911
549
951
501
920
61
366
184
579
569
401
434
840
512
189
427
56
909
801
490
134
212
313
93
942
898
317
419
264
890
468
849
370
275
710
763
693
486
865
383
903
616
473
595
217
728
514
592
79
859
45
388
321
206
224
729
265
888
519
51
703
906
880
649
131
512
93
595
761
386
694
530
73
448
546
478
698
678
835
244
414
684
370
365
875
109
557
194
81
941
527
765
927
843
639
956
696
783
493
665
664
878
790
652
195
474
344
833
619
706
60
546
82
305
597
48
566
545
734
51
914
859
544
780
818
888
562
190
768
549
741
875
214
200
539
495
853
677
199
430
725
684
534
334
911
940
712
651
275
620
420
181
79
472
710
764
364
40
793
266
871
184
94
99
924
145
362
841
725
132
155
849
375
333
286
259
354
239
828
838
206
871
874
178
159
590
825
702
450
734
160
843
843
893
518
570
620
464
370
796
608
831
886
172
495
531
766
705
215
480
439
155
172
915
90
30
270
875
900
364
279
619
421
950
932
272
35
441
775
676
599
850
829
62
259
334
944
731
643
588
783
149
516
929
325
34
700
887
833
517
329
704
524
35
546
948
440
895
199
253
525
354
890
499
841
549
286
139
686
715
45
498
262
341
540
160
133
451
655
927
531
107
568
287
376
854
355
823
475
270
854
79
561
419
93
459
218
47
118
735
708
590
231
147
501
791
471
213
454
416
845
948
269
232
682
447
746
633
152
946
224
422
624
445
820
926
896
802
278
111
901
115
362
880
249
900
836
450
745
544
413
172
398
89
385
866
769
359
697
605
673
545
854
132
541
316
926
745
287
535
855
629
894
373
475
759
615
349
943
741
571
325
848
567
563
82
53
565
89
914
187
566
135
632
397
386
221
260
368
892
933
120
193
239
649
743
237
54
573
586
280
449
376
915
64
377
656
316
528
489
293
391
686
332
378
318
524
291
936
119
567
384
940
80
768
480
162
638
877
779
804
958
951
463
663
697
219
179
598
50
689
864
692
839
629
571
394
820
821
361
249
905
78
484
48
855
468
326
177
543
245
48
398
709
644
294
400
252
629
640
128
374
653
915
390
663
652
131
411
227
116
302
777
546
559
858
909
496
444
767
258
853
32
84
764
670
496
942
225
364
200
171
221
210
263
835
282
122
124
345
233
367
874
910
457
903
231
812
179
746
345
864
767
821
412
234
372
598
180
679
197
670
865
77
56
904
111
596
313
684
605
816
401
129
564
851
939
81
587
821
469
643
792
439
48
296
363
359
758
58
492
644
902
404
178
523
461
826
883
512
821
594
528
455
170
488
492
668
286
520
254
320
40
318
240
513
837
456
58
719
571
711
798
284
222
921
874
957
911
71
420
142
158
105
30
834
145
367
299
519
764
655
102
267
763
201
633
613
194
625
645
34
798
193
901
140
756
274
263
208
574
495
716
245
130
142
192
895
318
366
397
500
187
499
915
875
638
560
480
50
318
291
792
316
385
415
304
924
164
849
107
830
133
120
905
299
899
817
167
651
39
698
324
787
257
175
806
328
238
55
461
226
753
243
850
312
662
430
819
675
797
227
761
429
288
527
397
97
553
646
936
780
422
789
41
580
927
34
88
240
568
935
716
138
417
841
107
850
230
622
596
498
958
452
813
771
896
855
529
690
738
739
735
551
79
641
763
923
231
299
345
657
371
608
136
821
471
652
41
407
449
506
826
890
79
467
782
930
935
230
643
101
465
358
462
789
230
194
88
736
107
143
648
890
306
898
157
380
346
951
329
273
843
151
270
261
872
804
501
571
819
792
947
31
616
273
221
42
175
306
621
306
594
264
330
335
818
896
613
141
340
431
614
944
860
399
218
344
118
231
876
385
653
477
877
274
156
647
304
63
706
144
234
69
360
53
639
609
781
895
403
936
220
390
261
417
208
33
130
246
85
837
884
904
389
266
612
146
347
85
209
200
622
580
394
225
227
574
613
837
720
568
523
183
788
900
195
293
246
490
96
152
546
87
937
829
220
290
639
124
400
522
292
725
715
232
344
600
956
65
219
593
379
253
486
476
343
731
146
449
100
349
860
816
949
87
614
564
603
524
35
897
895
519
466
227
306
758
427
586
586
555
296
210
301
462
732
323
560
490
515
449
173
220
53
80
622
435
735
658
578
739
957
461
60
281
658
819
746
289
200
545
333
520
823
505
83
680
545
517
314
321
33
142
39
546
753
704
496
416
565
831
52
729
38
806
558
795
180
49
763
872
536
301
320
929
145
613
356
507
957
901
849
248
373
286
735
844
452
473
488
914
353
359
684
328
523
564
512
46
907
247
529
526
714
402
744
692
781
69
430
169
377
949
419
623
941
763
385
711
100
673
373
666
520
809
549
206
577
951
435
541
131
340
559
739
402
353
494
930
502
73
93
412
73
348
566
363
900
91
347
720
208
760
906
264
834
823
35
864
813
567
144
789
594
849
67
67
420
639
251
617
299
414
238
57
609
920
623
202
272
215
266
516
634
675
362
330
394
324
864
538
347
589
147
894
888
263
778
183
310
528
903
290
800
689
451
753
552
879
614
873
230
793
621
627
331
588
185
878
516
697
633
125
734
672
299
669
297
303
128
376
172
469
852
704
272
935
675
904
254
569
738
475
670
951
338
514
927
480
593
329
107
859
627
573
855
808
515
157
420
741
486
278
780
268
730
721
900
877
385
356
872
241
654
907
918
188
415
743
363
745
701
776
670
758
298
273
801
308
808
424
449
548
514
472
112
489
654
432
250
577
573
79
125
266
416
826
235
679
614
696
422
732
753
634
70
669
568
51
929
487
879
622
99
921
866
354
687
212
824
459
493
943
522
746
201
651
681
433
372
432
68
151
654
141
31
677
754
839
431
403
880
633
462
723
658
911
940
164
359
92
168
52
815
185
232
439
239
37
463
378
947
165
639
526
449
757
927
917
919
219
560
808
740
451
538
820
510
759
118
249
671
547
103
310
294
45
296
498
869
551
468
747
405
83
415
745
953
896
303
861
943
53
204
170
491
319
272
394
606
372
889
439
878
244
667
430
91
359
262
434
490
459
78
398
711
772
432
687
65
752
827
574
486
217
265
647
373
893
778
934
732
861
852
526
622
58
828
191
375
945
683
624
664
829
400
514
935
766
418
678
846
545
359
813
505
345
913
691
938
49
86
158
541
287
661
588
566
511
735
682
904
271
341
79
98
232
870
616
776
711
672
566
504
129
117
217
532
68
51
306
105
167
213
356
888
555
113
406
197
771
907
453
60
695
734
605
234
309
744
302
435
326
874
257
337
479
614
441
200
474
85
528
489
458
607
767
88
944
151
503
149
493
448
35
763
248
536
768
354
472
943
253
283
709
831
738
252
916
49
438
900
631
236
683
715
409
924
561
118
927
547
249
188
271
183
901
837
869
453
118
903
806
117
688
491
792
275
740
587
828
544
132
925
672
562
477
287
725
279
384
284
934
679
386
884
723
95
41
556
890
861
343
492
890
495
124
543
508
222
883
163
214
934
249
413
444
283
476
668
665
644
142
620
99
793
928
156
690
763
727
727
263
213
656
927
231
599
65
206
468
894
739
532
355
250
100
30
460
933
470
470
578
333
851
276
749
682
423
126
526
927
813
705
455
186
860
30
307
281
211
805
248
299
230
731
865
569
294
808
723
928
656
717
322
286
178
890
322
410
208
508
206
898
639
500
110
63
107
199
350
99
682
209
751
624
251
309
133
150
371
209
418
574
363
558
301
126
412
198
38
929
668
856
102
663
628
309
619
689
650
831
492
125
488
653
275
477
925
657
65
828
787
202
69
959
120
592
565
111
229
944
611
868
191
380
391
785
136
118
956
901
649
404
459
499
676
322
115
669
312
784
160
714
163
169
172
495
817
103
572
65
704
538
489
666
249
583
894
137
291
449
370
837
661
123
209
413
702
529
312
757
506
855
758
404
813
857
735
52
237
855
928
62
505
920
227
141
874
753
280
122
388
938
407
822
443
283
82
70
920
719
753
317
751
775
518
809
739
115
812
352
808
872
859
395
481
338
362
700
855
97
498
908
279
219
399
528
477
895
921
560
804
694
91
478
132
640
271
689
431
377
361
788
901
887
274
476
108
41
371
135
881
342
174
852
250
805
67
561
405
950
361
803
154
282
508
143
810
411
293
800
96
632
298
508
696
669
36
352
905
882
450
466
554
815
639
491
550
199
257
286
602
669
314
441
46
517
664
649
409
160
626
656
707
530
68
278
73
626
186
540
798
675
616
482
529
855
279
298
603
46
553
640
184
37
228
387
348
817
491
208
35
347
902
774
286
753
718
54
777
390
448
884
43
676
447
886
83
791
872
151
268
396
75
392
567
945
502
700
332
641
890
216
164
937
535
481
733
802
226
735
167
254
480
242
558
629
626
467
550
301
334
517
904
369
899
598
301
540
237
300
281
47
682
166
459
261
749
65
171
925
183
241
594
166
944
43
875
792
794
897
348
65
180
60
336
403
271
755
68
896
209
222
594
885
484
149
532
344
743
326
840
591
325
584
147
123
882
768
385
885
683
468
705
299
912
245
827
651
789
86
950
954
957
234
746
920
606
669
642
824
471
560
79
498
87
717
699
555
873
243
480
463
399
142
243
700
477
325
933
268
282
840
514
686
335
846
593
121
798
186
476
243
155
520
444
152
419
236
241
224
506
301
738
576
565
516
584
845
950
75
473
311
695
404
572
590
75
353
192
201
153
607
717
717
726
267
337
838
658
121
311
270
113
738
721
940
132
898
150
779
291
708
130
752
672
195
507
711
908
813
106
95
73
69
100
858
543
50
809
327
208
706
217
859
723
232
227
917
642
591
488
136
232
373
870
405
507
925
74
561
720
586
889
804
44
245
227
73
667
823
427
111
119
783
600
544
521
231
59
470
928
550
98
346
355
929
823
660
159
655
381
578
936
277
567
581
776
372
844
507
35
183
279
779
194
406
47
409
733
355
844
305
895
563
593
200
518
573
479
75
382
526
874
42
471
808
135
801
245
48
728
178
346
511
464
774
301
278
182
909
912
444
887
763
771
105
642
402
644
396
93
233
852
799
155
468
269
266
338
345
300
205
193
714
587
695
919
414
129
778
859
269
420
530
123
897
599
140
230
396
196
692
187
809
914
524
285
507
386
955
534
64
900
796
638
737
281
202
206
105
146
258
303
825
497
784
772
352
705
217
829
158
65
902
179
568
48
343
759
92
439
441
57
133
273
824
328
584
852
346
646
426
894
154
279
897
419
321
341
160
712
893
761
198
156
406
958
958
646
100
718
897
403
143
626
664
230
200
582
632
485
217
460
389
531
432
224
870
652
242
178
686
32
628
340
506
639
819
936
827
826
330
897
782
587
708
53
780
488
574
696
249
699
669
635
524
463
402
626
684
211
117
335
434
881
61
895
734
763
149
55
371
223
714
765
184
280
637
762
782
409
404
412
107
505
889
947
322
953
776
73
267
223
282
646
738
954
493
861
555
773
278
47
369
549
355
55
944
863
480
274
785
599
803
304
767
665
258
889
951
74
602
741
947
106
747
178
901
98
57
190
746
736
237
39
160
387
72
518
179
864
33
418
502
531
247
627
379
937
838
103
726
563
869
511
200
496
59
292
761
207
114
876
836
319
487
78
392
794
173
410
622
700
739
117
70
214
268
445
818
150
758
923
219
914
424
213
826
685
798
623
357
739
716
932
779
116
542
213
74
198
264
545
794
458
440
56
784
782
470
946
258
574
434
641
408
151
686
882
855
304
212
666
955
509
82
842
943
767
297
913
632
85
401
649
845
243
158
721
503
398
388
74
245
812
395
743
335
105
553
658
390
619
317
730
946
557
549
314
405
557
72
47
515
516
344
202
202
745
756
195
952
925
408
487
875
167
451
172
144
299
537
868
243
598
553
42
728
631
662
317
653
804
345
905
355
371
518
689
498
222
570
550
308
388
666
425
240
790
814
808
136
407
199
135
50
164
763
876
922
331
434
531
112
468
501
177
609
462
161
533
609
722
634
881
689
947
589
815
892
158
761
897
776
813
211
276
634
240
885
221
568
601
726
196
748
68
467
800
846
518
775
738
659
310
229
373
732
278
406
63
534
907
944
794
530
496
714
258
287
254
502
399
537
899
925
37
956
468
163
651
509
749
928
403
342
53
268
496
613
797
503
386
793
852
647
620
617
891
625
281
313
239
542
621
45
406
230
719
344
222
377
294
145
715
514
745
938
570
482
507
258
248
604
450
710
146
565
645
282
334
379
95
802
841
367
300
236
336
388
895
782
509
181
421
449
239
271
108
367
861
642
77
438
148
52
94
594
122
870
859
801
545
466
40
802
312
451
263
377
244
539
631
212
546
684
709
96
213
30
501
835
486
307
380
652
332
616
684
818
302
665
143
425
489
124
267
72
171
578
166
747
37
691
153
352
40
824
851
423
303
957
410
121
399
53
344
267
115
347
499
656
727
404
104
538
425
235
683
452
447
666
885
595
823
713
827
755
183
58
642
468
724
290
545
304
285
51
56
465
740
959
916
783
108
470
49
592
616
575
886
764
171
429
936
596
102
775
258
645
185
548
114
87
665
61
891
467
819
759
282
404
209
247
672
448
710
132
516
383
694
265
169
567
132
838
326
325
314
908
232
470
753
370
309
221
874
859
148
76
538
542
733
816
323
512
584
883
716
518
846
930
288
834
911
880
409
506
914
787
695
596
182
870
557
772
611
798
898
481
533
810
944
470
804
181
491
312
274
580
283
402
568
756
91
262
211
878
419
388
771
397
904
320
341
902
389
822
289
510
861
745
945
265
944
65
945
778
60
760
418
127
262
364
533
322
58
386
809
324
590
692
409
539
669
165
866
653
159
862
752
629
53
723
678
497
417
332
771
56
276
393
848
619
930
673
165
569
747
48
874
32
43
924
880
198
366
435
555
809
159
322
649
158
37
749
104
498
645
66
865
685
575
782
78
226
804
750
569
956
959
326
866
140
947
749
616
88
803
510
161
941
736
921
856
914
704
719
611
210
599
626
883
711
142
218
417
220
876
683
354
575
826
559
809
792
416
538
170
248
163
45
655
165
864
884
908
613
885
123
482
114
169
388
386
362
403
185
958
759
361
425
172
150
186
545
144
207
141
94
527
196
579
392
77
584
931
747
806
218
269
763
294
782
230
269
435
467
203
476
419
261
540
371
846
698
832
535
939
348
769
731
502
821
556
316
495
737
341
761
391
615
338
769
519
558
160
350
879
876
139
636
33
624
634
296
615
238
505
339
711
426
768
487
409
497
291
433
256
874
734
658
156
401
115
764
882
730
811
318
567
512
615
92
239
162
728
837
216
289
660
287
261
32
79
924
806
811
390
51
297
687
124
34
172
441
510
592
539
830
374
845
386
217
731
229
770
706
278
276
729
413
246
926
243
477
427
153
351
150
917
100
370
789
51
839
417
611
879
758
611
165
328
346
875
775
860
73
260
810
184
130
563
143
281
843
471
157
750
655
43
386
270
418
872
303
504
556
196
852
771
189
786
480
624
594
115
859
80
428
576
383
853
501
926
817
497
257
538
167
397
290
820
254
744
255
855
869
434
602
300
333
837
368
68
954
304
113
478
647
758
572
107
352
108
619
493
729
451
84
766
277
48
58
484
511
329
561
695
399
698
205
454
438
158
273
506
514
463
931
543
413
738
850
369
785
213
497
175
155
722
155
448
379
796
52
314
808
844
516
655
702
378
108
908
582
147
628
224
795
142
938
296
480
501
382
499
158
649
658
328
791
416
570
637
573
717
104
602
135
919
658
630
906
306
800
65
659
901
746
667
544
303
340
42
743
819
927
838
443
513
186
188
215
218
823
315
768
431
365
825
72
56
119
835
444
337
350
203
660
347
799
216
862
950
743
518
105
557
853
713
749
226
188
581
763
499
445
717
442
515
257
258
566
881
624
518
214
464
558
436
499
754
207
126
674
929
286
224
434
335
240
240
537
611
105
806
827
497
102
904
851
592
721
175
119
571
610
940
355
255
333
601
959
447
244
955
48
92
867
793
242
251
313
136
305
46
680
914
806
778
650
677
391
613
544
867
62
62
36
132
348
306
828
209
32
598
241
120
397
109
787
765
589
269
691
630
309
615
830
103
850
656
164
537
565
616
239
375
862
337
923
946
85
764
475
896
382
133
134
666
765
590
547
726
951
844
117
152
881
873
587
407
192
893
242
651
171
321
604
375
389
825
217
89
146
800
710
784
753
755
278
205
510
193
297
290
139
397
545
680
529
117
454
949
709
545
784
151
552
783
754
91
489
719
307
899
402
487
609
180
164
293
358
156
625
412
856
958
625
912
542
734
735
884
806
301
401
228
340
561
46
588
262
930
30
216
676
751
846
358
847
612
748
395
545
265
718
327
353
326
648
786
486
600
270
50
315
565
872
35
528
203
176
78
163
536
60
387
156
438
696
135
141
297
94
890
946
370
368
570
543
103
834
43
872
220
132
621
689
939
860
140
838
841
789
674
465
699
261
39
234
360
201
874
590
543
674
218
536
340
64
905
227
332
452
455
329
163
165
903
433
399
658
176
537
585
257
260
468
380
454
276
138
358
365
212
861
919
413
359
505
873
115
379
905
915
873
535
418
363
374
332
564
317
565
795
662
54
366
34
316
444
710
186
846
748
796
828
927
269
553
369
710
766
428
520
313
309
231
582
672
681
801
134
35
151
671
781
752
529
510
836
582
408
73
91
193
889
492
187
148
74
568
179
769
35
582
758
849
75
512
383
783
744
322
594
602
605
180
724
106
45
105
427
719
677
746
331
722
367
357
383
776
74
464
627
142
652
324
959
529
873
891
707
47
156
83
798
116
438
448
547
738
728
111
132
928
170
419
122
249
280
65
511
678
158
566
739
309
654
482
910
311
181
224
192
113
358
410
592
624
907
245
314
879
769
605
77
923
362
659
932
262
231
740
278
838
410
59
848
550
303
519
422
916
497
266
587
533
878
48
600
720
787
458
301
65
710
592
868
513
518
775
906
954
509
677
109
401
905
313
663
329
521
72
350
417
782
358
411
533
48
504
74
343
89
242
435
733
468
243
158
777
150
365
61
488
572
427
436
779
187
216
588
595
344
301
228
744
138
843
242
381
211
365
494
44
731
592
895
297
272
335
892
692
185
846
208
185
40
822
804
384
882
591
375
792
876
439
958
747
43
650
625
584
30
736
595
745
830
46
716
940
492
169
537
811
283
855
439
458
122
72
733
276
68
817
459
580
949
662
128
322
593
177
283
581
670
337
691
409
280
422
314
954
135
824
852
742
83
524
538
50
959
530
654
931
876
378
545
172
306
45
755
197
878
423
376
344
845
915
170
905
193
60
207
660
717
739
170
204
925
676
526
454
154
108
322
93
482
312
664
321
752
549
132
265
626
146
106
671
478
538
857
128
383
593
816
929
353
954
243
167
238
371
207
590
478
331
73
799
131
313
821
563
280
809
183
604
888
901
63
600
663
458
685
416
779
428
101
520
251
353
700
487
99
527
113
410
371
502
746
325
103
266
570
195
676
324
807
534
439
242
70
411
921
602
463
739
645
750
770
80
259
512
578
737
573
363
494
713
726
732
262
415
184
697
527
427
848
520
700
485
580
526
111
39
312
318
526
456
93
333
724
581
691
696
95
550
648
793
582
342
789
124
768
666
939
615
256
253
104
66
851
155
79
315
460
693
431
568
454
284
797
67
649
423
38
641
684
448
631
937
739
84
898
388
655
486
718
404
60
657
91
302
381
56
441
599
531
406
266
362
148
109
369
327
504
752
434
375
658
328
890
768
582
127
287
797
216
651
620
933
934
57
538
756
222
525
646
622
941
398
139
307
212
298
818
659
675
600
843
862
81
373
705
692
727
283
680
284
729
604
412
839
746
292
388
121
531
572
135
939
136
772
393
289
218
612
585
313
268
588
151
575
767
717
882
590
311
806
59
898
805
392
853
367
946
259
521
880
870
727
158
132
495
864
756
268
940
445
503
144
658
396
45
171
482
796
101
58
369
758
769
685
543
196
163
704
879
55
303
918
120
665
402
501
460
49
110
863
920
644
610
826
332
874
270
438
376
711
845
179
187
492
541
142
918
432
548
329
730
82
349
914
172
545
53
953
953
504
671
462
716
198
98
685
177
902
383
628
886
685
357
197
170
154
760
588
153
290
542
57
460
741
163
868
325
655
684
746
851
277
444
832
70
412
423
949
424
816
924
45
79
880
403
74
685
181
773
47
744
425
829
693
921
643
32
935
64
190
390
482
248
596
737
638
270
484
157
718
690
770
193
297
326
527
937
540
368
118
212
173
842
666
32
456
407
711
871
386
409
448
914
264
456
472
756
443
172
724
764
230
54
85
317
934
261
561
397
424
666
452
596
906
937
246
600
542
593
310
261
519
573
730
338
272
816
889
801
813
730
523
397
604
314
942
149
786
379
58
224
806
343
476
680
917
811
38
286
239
832
243
809
821
492
274
616
283
706
74
148
332
719
543
653
172
84
952
622
954
127
773
193
565
116
414
205
126
80
381
421
808
632
591
941
516
674
535
141
69
355
825
110
334
870
851
116
760
783
537
862
818
375
291
142
88
80
273
735
107
99
520
233
354
612
299
660
157
562
166
458
509
841
583
628
261
692
818
655
224
328
405
303
502
478
563
462
370
479
882
466
430
759
63
929
795
621
716
682
600
221
918
228
646
109
383
937
751
623
841
356
221
577
541
739
654
246
691
836
79
797
319
638
639
660
57
709
807
613
793
599
936
166
85
32
370
207
616
422
124
586
670
707
598
556
275
812
248
284
305
578
890
840
633
762
862
309
548
946
81
634
159
168
789
271
380
84
522
538
398
477
590
298
741
453
156
572
70
113
414
205
490
553
337
244
668
126
493
283
130
90
618
630
370
450
457
532
877
356
205
220
320
670
845
788
948
622
128
209
636
320
269
465
561
836
174
565
790
575
562
284
551
269
438
338
818
919
887
321
955
584
654
673
867
223
845
780
668
509
255
76
957
313
606
769
781
182
98
494
305
851
701
332
753
881
629
81
261
537
929
59
694
767
213
81
625
555
558
368
951
354
856
311
349
516
287
267
622
628
516
666
851
423
45
134
842
352
880
945
554
793
548
161
539
226
342
219
129
555
173
256
583
690
503
910
954
420
942
267
624
391
419
593
50
292
167
301
752
109
199
303
634
573
773
187
766
725
732
153
204
97
168
96
484
290
113
190
880
94
139
452
369
643
351
192
404
915
140
276
88
70
427
49
385
830
581
40
876
345
174
259
648
819
92
556
253
352
138
719
209
936
381
687
930
707
893
951
251
611
742
811
615
485
94
163
630
148
671
614
669
103
274
564
880
840
763
510
580
755
899
82
806
380
97
111
649
699
79
638
896
589
748
295
563
323
603
192
754
889
885
134
641
483
80
136
692
776
767
120
903
413
401
456
671
689
34
264
418
942
473
890
99
62
678
110
314
939
31
586
266
600
716
650
829
794
401
352
330
921
379
833
892
918
694
513
217
322
583
833
318
368
734
771
445
955
65
608
765
930
781
713
775
210
813
332
656
710
587
836
318
641
894
457
593
600
957
140
327
195
852
952
385
157
297
857
826
904
234
834
759
753
547
360
169
625
87
711
134
392
816
466
694
706
545
637
434
307
208
805
957
884
311
600
107
788
358
647
873
916
466
712
505
712
107
524
124
564
317
927
542
275
35
895
339
415
287
638
572
620
453
548
726
389
837
834
472
906
282
341
297
400
798
178
885
133
921
942
629
50
542
830
950
240
292
711
879
375
291
652
531
679
104
282
492
877
946
146
835
232
82
177
311
936
660
172
437
816
39
235
454
305
39
552
107
583
558
516
126
156
915
126
645
590
769
577
325
545
646
38
147
804
136
426
927
394
548
43
539
150
303
92
366
85
227
255
670
512
204
869
348
459
49
709
277
916
491
681
196
112
806
851
200
31
118
609
198
572
585
673
64
544
936
935
812
853
719
590
392
544
867
773
370
736
649
647
784
387
179
40
862
827
807
457
304
412
851
365
927
577
87
128
886
491
835
763
483
73
857
383
226
861
318
612