7890 45
810
8014
2504
5918
3601
5422
6775
5202
5352
7173
5377
5909
7987
6394
4047
8350
6341
4403
631
7470
3255
457
6869
5739
2274
5604
1824
7168
7605
2730
1206
2448
3276
3848
818
156
5971
7497
2793
5033
78
5288
8561
5414
8563
3727
472
6510
3544
770
6096
1350
1855
1084
3728
353
1146
5664
3645
6896
3599
8507
6497
2622
5968
2930
2633
4139
5576
3891
2379
7744
1611
4498
7393
6866
796
1455
6076
7447
5133
4213
3624
6835
5533
8755
593
2193
121
466
7910
308
3852
4796
1434
470
7691
5939
8346
5633
1094
5232
934
8552
7290
7252
8639
6257
2590
5761
8457
8590
8488
5097
1764
8285
4884
8561
5988
6113
2338
441
4018
5111
4880
2072
3892
5715
3064
6923
8074
3756
2009
443
6354
8800
3280
3971
8444
7181
116
3235
8502
3259
908
8219
719
7655
3032
2048
4486
8030
8851
2233
3296
653
1215
4723
3673
5219
3361
2925
3193
4567
6587
4702
6582
8046
7642
1863
5006
913
117
7707
5997
8002
839
759
4203
5560
1353
5136
2683
1017
2438
45
3805
8675
6046
5702
7586
7457
299
3226
3821
6091
42
3936
5572
5106
1638
1573
13
1170
5941
3573
7913
1144
5136
4194
8713
456
520
7012
3866
7124
243
2177
2129
6543
898
6806
2000
1941
3177
6449
615
5791
3886
8806
7960
5803
4087
7997
3923
8680
5124
1514
3975
7764
1031
2661
3540
1853
5888
7130
6937
2187
8259
5597
5848
6765
1807
7929
4209
3731
8472
6971
6892
8392
2959
2123
6158
5230
5133
2911
5268
1423
3090
4085
2001
7629
7102
3264
5513
7136
3267
148
4953
4946
8411
7328
6431
7189
2958
1196
3996
5058
3788
192
209
7052
3521
4483
4806
7807
5402
7209
5619
2977
1862
5515
7996
4174
3597
7119
8563
7442
2417
5972
465
8324
2019
1947
8880
4531
4592
7869
2273
3938
7814
211
6535
2898
3877
3848
4108
2620
7358
6605
1735
4957
3428
1976
3084
2897
8231
2257
3593
4738
1533
5454
2642
6715
8627
784
5033
1574
4502
275
3216
6433
4937
1682
4063
1652
7880
5099
298
8648
3011
5943
85
4711
4238
4407
4896
43
7763
5984
5200
2335
4277
6434
2405
2361
6469
8719
3171
3093
7715
2535
7017
7083
3390
4201
21
1747
6813
1433
3917
3132
1960
3844
1727
4489
5369
6830
2477
4221
4788
4991
2711
7418
3975
881
2157
7402
8176
1702
4082
8060
1929
6104
934
477
7826
1902
1322
38
4387
3150
2130
6331
2067
2068
376
433
4708
6816
5892
8538
6243
7850
7205
2724
8723
8498
3108
2509
2045
1518
2470
5111
6250
4756
1204
4755
2911
1250
5562
3468
5509
2440
8733
1638
2862
5280
5351
1907
506
1725
2695
1361
4710
4443
1818
2979
7799
7109
654
8227
7693
7712
6893
2869
680
5918
81
6211
865
4520
6421
3458
1254
2424
3030
3803
8016
5567
8762
3443
3148
1202
2003
320
7723
1110
402
1807
2938
7125
5856
4702
597
6235
4674
6696
4446
5864
958
5843
5199
8040
1043
4886
4203
8136
107
2286
1414
6914
3863
2232
7246
6110
5080
6492
5709
6573
4046
8470
5516
7174
3273
2640
7564
1719
2861
3919
6650
5233
8256
2152
4609
2920
7144
4008
159
6017
5016
8486
1003
7015
393
4923
3263
3624
6356
3387
1156
7082
987
6773
1818
1388
328
6925
4767
7303
6221
2485
5276
5088
4536
5080
7557
1711
6522
4327
7865
1073
6333
8591
1557
4460
7468
7400
6781
7249
8277
3940
4262
8373
2764
8468
4246
1484
334
3222
2592
219
8140
1756
8696
2532
3210
4814
2480
4212
6265
1552
6001
2030
4421
83
749
1296
5216
6258
2820
1827
144
6417
7926
2281
7122
5802
2325
4968
835
6074
1378
3301
1735
7647
1832
4578
8795
7925
1251
2654
4921
2569
984
6725
6839
2233
3952
2681
7719
2951
5168
2976
403
766
76
1724
2730
6415
4309
6307
2490
6412
3378
192
175
2701
296
5674
7151
5070
1400
6191
5007
167
5806
6474
5433
1201
4342
4890
1850
8544
6148
6783
907
7301
2899
969
7571
109
1849
2380
3616
3843
165
7408
8091
793
6551
4138
1937
7178
4429
2649
1552
7877
6868
236
3860
2501
5190
1530
2074
8319
4457
2845
264
5495
8185
1773
8701
8226
7002
7043
3222
7919
2575
1164
2
7297
7283
4641
3549
204
2954
3572
4116
3500
5232
1930
433
2663
6009
5071
3818
320
307
4197
8285
6219
7145
2597
1507
4778
4336
2610
176
6286
8326
2532
5302
5704
235
5462
4118
550
6880
1870
5365
886
7629
5664
263
6256
1340
6039
2218
1932
3225
2903
7612
7277
1779
2682
153
4687
3134
7670
4768
344
3397
6729
4073
2701
5527
3628
2429
547
954
3269
2339
7337
7731
7400
7490
1481
2334
4151
3439
7197
393
7143
3061
5423
3819
6924
3926
6452
5310
8330
6315
8109
6002
5022
6388
900
1592
6462
729
6611
3611
1671
979
8855
564
275
8446
3278
4092
7571
2353
7883
4232
6470
8850
5153
3669
7549
7781
7503
8602
4876
4137
1523
5853
3130
1336
2710
1012
6591
8789
4772
3422
5727
3586
7622
6165
3105
4860
3544
7378
649
2361
6638
5977
7332
3877
8431
5072
1235
6131
2942
7581
2126
6909
7634
6433
8355
3002
6334
7839
5737
2266
6400
7682
6481
4461
7405
2885
1228
7888
564
2690
4237
125
7954
2516
6398
4445
7421
8153
1805
6537
8676
460
5847
6090
1296
7717
4852
1189
6709
103
7425
4605
1641
7282
4860
7855
8395
2871
5371
5547
3844
2247
5568
253
3344
2002
7855
5118
35
3910
4481
7080
6034
8099
2489
5940
1836
392
3165
8587
6932
40
1180
461
4164
8531
7383
672
6556
7443
4949
4550
2782
5158
2694
6430
3792
5594
2746
8194
8762
8633
1154
2799
4522
346
7471
2442
4793
7819
6020
8004
8605
5684
7514
3804
1068
5107
4989
3713
3518
7183
7462
1492
7861
8830
4299
876
5405
4959
2149
5142
6545
3871
8725
7199
7785
7280
4839
3819
1061
4942
4778
7636
1424
5844
4844
5998
6544
7790
5363
7585
606
7933
4677
1579
1171
8561
3838
4591
4946
6595
5937
8734
5671
878
1460
4735
5858
316
4919
2687
269
1170
2652
7475
2406
8725
69
2017
3987
7201
3232
6515
8496
3463
4536
7511
8093
7147
6028
8123
3443
248
7772
3366
7905
4944
1966
546
4385
110
140
6229
2871
2676
7316
8335
5282
6101
8073
1346
8493
1822
605
6644
3363
8321
239
2208
5242
2849
5541
7611
3187
5695
8143
21
2297
8186
8470
6361
6759
8423
6531
3877
7062
5903
3644
5820
5047
5100
2230
1993
7973
4682
8530
1622
8543
1129
4
8483
4706
8658
4204
1537
3468
1428
3042
6076
3433
7295
6039
5995
6530
1712
3486
70
4190
5627
8482
6359
4677
3318
6061
142
619
3549
8537
7404
6065
6522
378
1169
8183
8887
1656
7001
4220
4995
410
5635
2862
6468
2388
6651
7961
5134
4362
6262
1197
8460
6332
2917
1546
2544
3806
1388
2597
4062
918
8819
1790
4537
12
5810
6918
4870
6712
6543
57
5384
4750
8094
5217
2848
3498
7109
931
8309
1080
4385
8086
2276
6208
6504
191
6360
8523
5639
5081
268
4404
158
4078
491
3845
7224
6457
5477
8632
3091
7321
6719
6206
4712
3711
7137
6599
7597
7945
5597
457
3188
2982
5432
733
8414
7229
2407
5620
558
5247
1073
1462
8688
980
4592
4016
4727
7903
5173
652
4354
8576
6889
5963
1368
4970
1496
2793
1953
8661
926
6594
8384
8711
1217
6076
7545
8658
4331
8895
4050
8757
8075
6744
6248
5257
6417
3732
8019
3121
1873
8594
2772
4945
5003
3511
4993
8369
8264
3444
5733
8514
3667
797
4322
3379
1978
8877
8663
7416
5370
4969
3572
5178
5502
4496
502
145
8614
5011
7452
6663
3674
7732
6789
1231
3822
3439
3708
6605
1083
8076
394
887
3162
4436
5090
7278
2422
2870
3279
6440
3969
603
6650
5803
5023
6494
8343
507
3010
4848
8654
3253
4891
7970
4840
4835
2908
3091
8457
7438
5169
2058
6333
6194
4575
2686
2017
1066
8305
2123
6622
5745
1732
1013
2695
3071
1082
986
5108
6228
3996
3202
3596
5135
8322
6040
4895
4092
8495
256
4370
8231
3312
4741
1272
1911
3170
457
1228
2337
4477
7277
1102
887
7125
2909
1522
3879
5275
1769
3754
1923
6883
2230
3443
1968
7361
1198
6771
7435
6690
6825
1471
8050
6652
7291
2433
5891
8640
784
8801
625
8657
2771
1751
5619
2100
2710
6909
5413
4519
1017
7716
6726
5402
2448
1348
1083
1299
8204
3449
1972
2585
2693
4547
6552
5807
1952
3134
8733
477
4530
4138
4491
1868
3129
2165
4112
479
6723
8767
4652
3189
1358
2916
5674
8008
3644
2648
4205
5944
1351
4593
437
6235
6829
6940
5965
7123
4098
8712
149
8476
7076
4937
8888
5778
3225
4859
2274
284
6135
604
3475
8337
7697
7683
1227
8676
7773
7443
2163
8203
7828
2790
8026
8837
3702
7156
3939
5089
5100
5888
5281
6911
8618
5075
5013
5321
2928
8796
4784
7684
375
3921
8708
747
1119
999
7437
8045
5713
6188
8250
5554
6549
846
648
4286
5811
52
2076
4968
921
6085
4084
247
4223
5463
8619
2623
2671
4806
5749
7876
2660
3378
7829
3907
2981
7279
7719
2703
8619
4793
8276
7811
6538
8626
362
7772
4427
727
8409
2877
6720
8715
6764
3190
8737
8461
5423
4555
1280
4815
5375
907
439
375
2895
3171
1916
5640
1305
7431
1232
8272
5249
5027
6709
5172
2609
4497
5101
847
7095
1944
5296
2873
1156
2845
5513
4640
4070
3419
1857
3165
1423
3805
8317
7369
7372
6164
5732
6091
5856
7686
8321
978
1645
7348
3467
1738
5381
3566
5853
927
8353
434
6619
3431
4510
6466
8118
50
6557
6176
1571
6785
5575
6967
6849
1445
5610
8239
6699
5345
7664
7910
3890
8308
2523
4318
1229
2708
8277
3776
8159
505
6466
930
3711
990
6085
4887
2859
907
6945
5682
8433
8580
6116
1536
4303
3578
499
2022
5028
6041
5766
508
2162
443
5444
7211
909
193
5238
5410
672
2782
6917
1067
320
4646
3256
5860
4259
724
5381
5792
7299
1983
8377
4210
2192
987
16
6550
2210
6255
7648
2118
3638
5958
7667
3268
4446
7773
3978
2667
4569
1536
5010
5652
1663
5050
1217
8557
322
3538
6663
4305
661
8873
2109
180
966
1235
5019
8822
177
7587
3200
3316
4033
4800
6329
3261
5878
8887
1415
5386
5645
2714
1224
5763
5872
2726
2547
6042
8669
359
6229
7572
8492
3344
1458
3664
3850
7488
2303
3211
2755
4056
2490
5882
7236
1694
1619
5763
7620
6855
2679
335
2124
1278
7559
6846
7650
5245
3207
7140
7587
7876
153
8718
1358
4527
3723
689
3343
2665
8311
7289
6585
7103
2631
1589
224
4241
7426
4179
1107
5684
7321
1815
6579
5894
5449
7215
4684
3511
4913
7504
4281
4062
4524
3779
3904
2672
4524
2709
6870
930
2421
4956
7444
4289
2650
3920
7546
5970
6622
3410
6718
7928
6034
1904
555
7238
2139
4364
7978
5408
4905
8731
6651
808
3009
2523
2580
7752
6585
6452
8616
4718
6208
177
3264
2366
3271
2290
3245
1529
8569
7614
5788
1504
786
5253
6928
2621
3224
5566
534
161
3630
1463
4925
2589
7205
6636
1281
127
1341
8694
8285
171
3693
2001
1720
5857
7539
7089
3968
8748
1119
6450
5738
6191
2943
5147
22
6655
4495
8858
4528
1020
5919
8456
1088
4746
4152
675
4061
5534
1010
3118
189
8775
8228
5618
6711
7685
3534
1071
3981
5035
1599
685
7941
6080
4624
7634
8545
2058
6615
3526
4532
1382
4166
7266
3152
4137
914
5873
1706
6865
3028
7334
7739
6901
6261
5863
6862
6225
7336
1237
3122
3424
4878
8393
8321
5234
515
3907
122
5417
1029
2004
7818
6383
7486
7706
4610
963
2467
2575
6772
6560
8265
6016
2007
3165
1845
1041
8719
7661
773
2321
3621
5379
404
1109
5404
4672
7845
6817
3622
5906
5752
5189
5836
1025
8415
1356
8314
7454
1253
5900
3759
4762
3365
5461
4059
7762
6386
5156
3390
8373
4088
1360
4645
7608
7282
2440
5980
6378
2303
8837
2018
4549
7852
866
808
3077
180
983
3649
489
1626
1265
6408
3773
7462
7759
2014
3842
5950
6541
7185
2689
3427
4148
1819
4392
545
7128
2643
5975
4276
1937
5151
1315
3883
8109
5809
2499
4653
982
7583
5404
1508
2901
6748
2823
3852
873
147
8422
426
2138
428
4662
1653
8228
1123
3705
7947
5316
2533
1951
7239
6573
5112
8589
5013
5093
8789
8252
1951
8414
8088
4968
7858
1781
1182
526
6300
7895
541
8571
6982
3120
5550
2139
1509
490
8562
4554
6987
2105
3452
8237
7349
5632
7064
3834
6689
7059
6709
7658
983
794
6472
911
2949
4360
5703
8771
7047
597
6305
52
4776
2861
3869
4119
1024
2974
7080
4523
5431
4236
1266
8746
4963
8751
6518
2227
3616
6247
2737
8141
1186
1783
7589
6188
5548
4639
8089
6049
3687
8691
6406
6390
4699
3401
3462
4489
1763
2946
2810
3715
8878
2187
2228
5646
8428
6625
4848
3098
6741
3476
5155
800
6759
7063
7765
2993
4171
6580
7471
5285
3784
1031
837
5639
6729
3775
4047
1562
5290
2030
465
671
3438
7922
8162
7899
8455
1944
6660
7823
8690
4992
8207
211
3536
5607
8530
6536
4536
469
319
4082
4375
6425
8830
7848
1350
5488
7816
4653
2579
3286
6707
4712
3012
4484
6262
7737
7801
8765
3438
2228
8819
8547
5494
7691
1723
626
2104
1123
4144
6411
5926
4821
1711
5282
5196
5912
7991
315
6550
2967
3027
2008
5244
5404
7184
3496
6099
7952
8245
794
7634
4670
5930
6991
4162
4727
932
1140
6125
725
3384
6694
509
5068
6260
1887
3001
6629
8187
350
8646
7487
2216
471
8100
6812
3303
90
507
7127
3426
3052
1777
3351
7676
1257
7791
3620
1120
470
4981
6852
3089
5825
8483
5232
1500
177
8044
5298
495
8369
8664
7895
1047
148
2454
5459
7790
6250
1424
842
633
7897
6198
333
4918
6057
6292
5003
2996
8281
5510
7718
4268
1795
4398
5290
888
2868
5313
3127
945
4109
6633
3957
3287
2781
2305
7528
7702
2332
4730
3770
7946
4139
6219
4091
8526
8150
315
4342
2785
3042
2303
1113
2860
947
3627
8151
4650
6064
4571
4922
938
7197
8797
5424
1265
2242
5945
2137
3753
7663
6201
664
3552
1740
8671
130
4475
307
5664
1638
2554
971
342
6803
1806
5520
1097
2341
8053
3053
2879
1639
6660
8707
2833
750
4242
796
2827
6285
2205
7078
590
4022
5740
1639
6461
1121
1175
3498
3676
4343
400
2934
2369
8866
6855
1994
3618
4644
1146
3604
2983
700
4785
4563
2903
3744
7807
7922
4787
3680
6380
8278
8332
4376
382
5220
1063
167
7959
8876
1167
4555
8276
7436
1239
3727
6338
2866
2794
2248
6077
7083
5139
7500
4095
8790
8136
1178
7636
2717
2214
2152
7611
8896
6862
1022
3501
6892
8485
1636
932
3451
5585
1170
2437
7327
1323
6249
3324
8075
6306
4941
5129
2539
6502
8196
3139
832
281
492
5983
8784
1431
5242
6663
7915
5844
8280
574
218
227
8345
3281
1158
1317
2627
1499
3970
5064
5667
7467
1888
6754
8460
5311
6173
5922
5072
2394
7566
6782
2669
6612
7994
4552
1047
2020
344
3407
3422
1483
1943
5676
3107
7849
6860
1660
3972
1223
3876
6698
8069
4668
3514
1924
4096
2031
1871
8830
490
1994
773
5886
1907
2336
6458
1734
4187
5505
270
607
1156
564
1642
4184
5524
5112
3647
611
7351
4513
1950
3849
7418
868
7613
6900
3098
6070
457
7915
150
413
2917
1428
711
4956
3769
772
1392
5126
6373
7366
953
3269
5543
7505
3027
8229
5300
7884
7284
1260
1479
4877
44
5823
7368
1040
3622
8457
7535
7016
5049
1255
457
743
6547
214
3474
569
1343
2876
8119
2226
7040
3484
2896
4149
4225
108
3874
3769
771
1472
632
7790
7833
6939
1385
3787
6487
2730
6049
1834
6490
8256
2318
8598
2813
4800
958
2813
4756
4731
6541
4409
2040
8153
6737
5460
2927
3220
5715
3515
4584
3767
6246
3577
623
1567
1810
8507
7729
8586
2981
7513
5726
6285
4635
7683
1166
3198
1337
8324
8050
1061
7913
4939
3830
5123
5750
8579
203
4825
860
3268
5914
2535
6150
2723
2011
7640
7976
1246
2991
1350
3984
5070
1751
7928
7582
4655
3518
7953
4294
8629
1884
6290
4365
3523
4754
1307
8646
4400
4717
2130
8305
2904
7726
8612
1599
3192
135
1913
5673
2425
4122
91
5333
6700
5977
2844
3189
4802
6440
1095
5062
1150
532
1131
1385
8524
7070
2628
6869
704
7894
3576
5428
862
1945
1080
6243
2039
6329
4391
4520
1606
2281
1869
4508
1793
958
6564
6445
1911
7018
3845
6859
3622
5968
7156
2373
6596
7228
1975
5021
6407
3943
4969
3431
546
3562
4471
4756
4897
5500
1150
7373
2050
5475
3456
7768
7562
5522
8492
7566
506
5082
4958
2586
4049
5617
1807
3794
3688
7607
8547
3710
4354
8269
7012
6563
6211
7337
3963
7130
5386
1809
1549
5311
5868
5371
4810
7047
2512
8287
3710
1074
7635
3309
4516
1326
7884
2384
8281
3829
1756
677
1068
6189
5852
6340
3019
2681
7362
5793
1558
226
1559
1362
2180
7596
3533
8547
5617
7578
808
3659
1283
4301
3898
7473
4975
1046
3753
5687
7578
3827
7955
135
5374
4709
742
4259
8358
8428
2353
2129
8584
5619
6729
3484
8415
6274
1129
5819
6692
8236
5667
704
3021
6997
8294
5666
2292
7279
1365
1973
7827
1676
7115
6631
1170
1425
4888
6370
6855
8174
190
6088
5225
7578
3974
4563
6471
414
7958
7600
8817
6834
7894
8241
7060
7251
6013
7276
5314
3975
1968
1079
7063
380
3202
6909
7404
99
2315
6990
1386
3658
7864
7417
8046
8478
4379
4343
3023
3732
8095
1878
8221
2665
2056
994
2681
7773
8470
2818
4311
6511
1057
2880
6207
8011
7925
4846
4376
5965
6059
6372
6999
968
6215
5159
7870
477
195
7481
2873
1671
4254
1583
4780
90
1758
4399
7223
2209
4228
8530
529
8396
2680
3775
2602
4984
1211
36
554
8432
8866
5958
6572
1723
3778
7253
5349
5797
2024
2204
7578
989
8845
2641
2258
8373
7000
6117
6253
3526
6522
2168
1737
6428
5844
7503
7188
2440
2558
2886
8166
159
6928
3340
1704
7195
3910
3057
5211
3405
7949
1427
186
2025
952
8439
8450
39
1518
3128
6883
3994
2683
5927
1911
6699
4222
145
4778
5175
66
2910
3239
8037
2938
7420
2961
5505
938
3962
4463
3943
906
2849
4477
5095
1983
8611
5476
6305
7952
7149
923
8329
4902
4172
6376
1002
1430
3904
2974
3766
7178
37
3339
5040
7087
1048
7986
2432
5479
2946
8001
6455
7565
2940
3088
8733
1451
5715
4717
4510
3568
7373
6122
1817
1987
3810
3135
7665
1044
1959
4075
5933
989
698
5664
870
8409
8336
6907
935
626
3044
826
5007
8047
3367
765
1962
1085
6542
8450
4615
8087
7364
198
8705
2814
1523
3053
3278
6813
322
1389
3520
7771
2068
5467
6868
6175
2218
324
2015
7707
3782
3885
525
6547
1116
2669
7519
3046
1173
6581
3401
2409
8360
6746
2525
500
5859
6955
6887
5283
3630
3022
305
1655
6206
6136
5980
6800
2797
4686
7766
6219
6436
5807
4305
3479
8573
2158
1699
7754
4434
233
5640
2640
6888
1112
8310
4222
2943
6368
317
4162
2337
5631
4078
761
3580
7769
342
3880
5589
720
250
5386
7714
6082
4872
2554
2441
7945
826
3702
5257
8033
850
3397
6281
6564
3667
5095
6725
1758
3858
5328
4370
3604
3882
805
1729
3544
8798
805
1816
6719
2166
3714
8883
254
3826
807
5139
5757
1782
3898
5543
5514
7805
3204
4782
681
3380
5916
4102
4147
6054
3831
5762
3822
1016
4110
2200
4068
825
7796
8046
21
1886
7438
5867
6035
3414
6027
2738
2861
8856
969
8876
8860
8684
7756
4699
679
4923
1048
165
2883
5603
6569
665
7234
6852
5062
8137
8616
7506
1072
4932
2885
4751
5522
3629
368
6236
7646
6167
6252
3179
1241
4191
5086
3855
5802
4037
2160
8310
1521
8044
8676
7632
5163
3318
4217
6774
7532
8082
7251
6790
3022
4254
7785
4936
5992
4109
3162
4127
4332
3342
6177
3781
2813
8604
4362
2379
4479
3380
1051
1025
5977
306
5985
1927
5156
4152
8487
2205
8311
2494
7603
8463
7816
8362
157
5886
5305
150
6763
1693
875
6932
3979
7079
1867
4896
4819
5459
7855
1838
2296
4153
7032
6226
813
2717
7169
5858
8680
1840
4521
958
4716
1839
4638
6613
4864
3351
8447
7376
5973
4329
5517
8257
150
7945
5226
7806
61
261
8233
3028
3249
6473
198
3451
1432
1590
7550
6340
7617
8347
370
4923
6072
8817
2217
2141
2441
4153
32
1469
5912
480
4765
6866
7535
7674
6076
1768
6390
8262
5798
8419
2507
1493
6608
7142
1641
1188
5182
3275
4701
2107
8658
6526
3959
594
2186
233
5728
3086
5366
4807
229
6765
6016
2770
1709
2232
4815
2658
4413
5783
8850
8255
2550
850
2417
4579
2210
3975
500
1253
7871
5656
5667
3805
722
7139
2908
6942
5488
5844
4939
3305
2896
991
8191
4641
4377
3839
5433
8309
5273
2525
7761
7818
2157
404
3976
3109
7077
6507
6922
1753
2586
4114
5835
3472
1098
2211
2049
3470
8223
6773
6069
7469
844
5545
5360
1559
1559
6675
203
7271
7441
1091
4880
5347
6794
6749
1648
319
3163
8699
8765
7880
7821
3187
720
7682
4056
4719
3544
2166
1790
1964
86
7399
5355
293
6975
5511
3943
2418
1550
402
6305
8551
3211
1495
8133
489
5577
3248
563
1731
307
8424
6908
7089
8547
6557
4826
6578
6403
5739
3132
6936
5481
5478
1005
6380
8891
6502
8674
5037
5275
746
7149
8363
1576
8170
8875
8124
8448
3567
8041
296
1603
60
1657
562
492
7166
646
419
686
6265
4915
4710
6170
8268
3070
6633
490
1754
497
7975
3474
4426
5355
8461
1275
7444
5514
377
6581
5602
7029
2836
6598
2836
5334
5421
3822
444
5888
1726
5856
8255
4351
7909
4731
2439
2194
2207
5100
2243
7634
6694
3071
67
5721
6076
3605
2096
8187
1948
1653
269
2737
3983
8136
2080
7012
3334
2935
6549
2811
47
4765
7671
2120
4118
75
6346
3731
7736
5251
3307
4176
4339
6867
336
8664
6531
6014
8157
1817
1726
1156
3941
74
5587
5519
368
8672
2652
4326
7759
8171
7451
8331
7588
1930
4299
6847
1603
6001
6158
7265
452
5597
7245
4992
7298
6016
7801
2315
481
6220
3677
4733
1085
7790
825
7598
5432
7499
8606
6573
1079
3410
6391
4036
5625
4907
8179
7306
4366
8584
4411
2157
4559
3361
705
7244
1728
595
7120
3252
872
338
3845
1540
4495
2719
7246
8697
1105
5601
1415
3004
6294
8484
6186
5941
8105
3210
8267
2391
6737
496
6848
797
1809
1521
175
6624
7086
2481
5870
4837
379
5355
5701
742
8464
4852
8441
2907
6561
8382
6201
7664
7169
1408
4762
4974
6075
3664
8038
7418
1228
4730
5415
377
2389
3049
8630
2974
2545
623
1612
7524
8630
5478
2625
940
2783
5444
6377
3253
3669
5360
4730
7254
3194
8084
2527
401
5659
4100
549
3422
3342
7352
3610
4549
8840
5324
7253
5416
5121
5467
363
5938
6771
7576
7934
1692
7683
3823
2191
631
6186
4785
3749
4768
8899
7060
6083
3205
522
8230
6215
7344
74
7089
4183
1279
1868
6975
1000
6358
7090
962
7032
7101
4997
7692
484
4518
150
835
1618
1837
1909
8817
6135
7456
3603
7742
4550
1780
8141
4049
4894
5791
8152
1919
5864
8582
3394
6656
8723
708
2824
4733
2440
5225
6653
5548
8670
1208
6576
1566
3055
8586
6612
4378
5435
156
954
5626
6575
3026
2426
8119
7117
3042
4967
1242
7849
3079
1828
802
1124
2394
1012
911
7913
6076
6377
911
803
6955
7971
3343
4103
6576
995
5207
8078
3774
5383
5708
7628
6667
81
5697
7181
3604
6516
8298
259
5412
6598
5591
8279
5775
442
661
7575
5702
5365
8259
2679
44
4824
8520
3954
7983
4016
541
2047
8660
2063
4076
6596
5019
2073
3357
2313
4214
2630
4309
8460
6979
652
4291
357
2381
3963
7228
6135
334
6531
2376
7308
6024
3030
7585
1844
461
1744
8097
8488
5975
6251
499
3349
2523
7895
3260
3702
5984
7247
3362
3073
1057
8698
4599
8291
533
8163
1574
4021
5688
3305
1714
2129
8587
5667
573
1989
3387
1514
1853
2471
3432
4720
2485
728
154
943
6733
3385
703
3526
151
1986
3170
8203
6251
6225
7330
8194
1311
1197
170
4077
2801
2670
4538
7269
3662
5756
7323
1271
315
4471
5395
892
8540
5236
6214
3872
8137
8489
1431
7088
3318
2162
3155
8627
7858
384
8315
3248
3559
4093
203
656
2301
8254
1920
8714
5089
1784
6181
978
4962
8331
3211
4580
5491
2279
8562
1016
11
3459
57
1721
8666
1981
760
639
8415
4811
8310
3278
6340
4076
6612
5122
4269
4740
7490
287
3316
6399
7682
6353
2309
453
2127
3886
7850
7474
3137
5580
721
7300
3237
100
4037
7381
889
320
7495
1282
300
279
2374
2903
3537
887
1719
6989
312
751
3688
8276
6599
2512
4676
2603
8312
8213
8754
5773
1688
941
1675
2731
2558
7939
840
6513
1085
5787
3851
7170
1691
2035
6100
7404
3980
8306
5815
1241
2168
862
7163
2386
1893
1345
702
725
4324
1434
7969
1576
466
1723
8493
8258
7503
8542
345
4498
48
4106
5904
3424
5800
5417
6585
4564
5311
6171
7522
6
2398
7513
3606
827
2677
8189
839
1213
7238
115
2189
8551
6718
2276
6704
8868
2442
6741
8801
4337
7961
1318
1194
6961
3857
3740
5485
5375
3659
5037
4314
7052
2812
7964
8077
1853
7016
7666
5581
8214
7704
8032
6160
8832
1917
6253
5606
3525
7613
6616
2123
7470
6270
3185
944
1081
6320
5544
5870
7837
2704
4363
6454
2201
4700
4037
5739
7654
3098
4852
1853
3675
1160
587
5532
8829
4058
1261
5044
6503
7034
1961
6662
5943
2915
5744
782
8526
7020
6997
4432
1472
1797
6644
5510
3342
1579
3959
4132
6780
514
6852
427
2761
4764
7348
6310
5684
6552
1014
5922
5059
501
8266
803
744
6601
512
8186
7856
3255
6113
634
5001
420
381
1879
3416
3977
2191
7251
99
6028
7164
5990
183
1534
3901
1179
4466
8333
3998
1974
6006
1075
8272
972
2430
5841
4766
5640
1067
4673
5175
3525
3301
6218
4326
2341
4384
5469
2894
1707
4361
2663
5823
7931
2237
2277
621
8110
2701
8232
3720
8422
8157
4139
3527
3926
1047
8309
8349
6474
8110
5451
6184
4326
853
3639
2689
2864
6108
1560
5695
7896
5440
2291
6512
3344
4152
342
7634
153
5220
5556
2940
1735
953
5652
4268
8061
2692
400
1294
4974
6020
5319
2497
7810
5378
1498
7078
7498
8488
6657
2002
1141
2538
4723
2983
5866
6526
183
8674
706
675
8197
1255
2555
2512
4450
3373
4100
8270
3528
173
5709
266
721
1877
121
8694
7602
6866
2655
2163
137
565
7463
3554
1799
8096
5130
2670
7302
1535
2509
625
589
4300
6723
4065
8842
5298
929
7024
2979
8127
4960
6484
5193
875
1817
2847
2862
6071
7824
2217
6020
7442
538
7633
2691
7900
713
5253
7143
1431
968
1993
6564
5084
8577
5320
4054
4956
8752
2304
5938
4530
8084
909
4504
979
7261
924
6280
2283
8707
1231
2611
292
3505
2046
3763
7989
1374
943
4585
4575
8781
1549
7160
2967
8820
110
1197
5397
7693
6806
6219
5520
5179
1491
8258
8528
3129
1712
640
8689
7873
4860
1623
8637
8282
6272
1579
6532
1558
4964
3582
7809
6618
1363
4648
6536
2649
1537
1059
7151
8626
883
3490
1901
3911
5990
4012
2015
2688
4134
4861
8562
303
4796
5602
3922
8825
7423
3584
2549
7430
3565
3839
2729
3225
7309
7801
3817
5742
1723
5880
1592
654
2388
63
6990
1370
8622
4726
2292
2260
8464
3845
6324
104
3920
7507
1822
4661
727
6611
4126
6852
7410
8621
5062
5944
761
7575
5501
7088
196
5172
965
7153
3269
7908
6815
4734
7511
2552
203
2697
1293
289
7865
8620
6415
2626
8205
8702
5979
8056
5016
4012
1755
3639
2144
2667
3901
1047
609
1047
8124
4103
2065
3292
2880
8070
5734
4911
692
5988
6049
7074
6408
1429
5560
7121
756
5341
8428
7034
8270
5698
1110
1040
157
5853
5399
8529
5764
4149
834
6465
1944
8056
3473
6089
7124
4573
5741
7245
5792
3294
8011
8891
2007
6841
6503
327
6979
3922
1911
7459
1518
2474
1676
2426
2994
1025
3136
5926
2671
6105
8047
5443
5154
8483
5131
7251
6855
8371
8897
5082
8500
1184
1243
4976
6587
1118
7932
2216
8250
5073
1551
1842
2238
2275
4948
8369
6380
1047
3095
6099
1438
8714
4574
8586
4147
2569
3737
2424
1711
8151
2371
7507
3925
5729
7859
334
1231
5600
4739
1877
1992
921
6576
6498
4555
6205
3205
2880
3535
5661
872
5808
5276
2798
3645
8685
5510
1556
830
4019
6280
5509
505
99
2703
2943
6817
5409
3315
4615
7138
781
5208
1219
4108
518
2139
6976
4032
6841
8263
858
7788
4950
7280
5462
2231
1127
2085
8074
3723
8575
4770
720
4496
5383
416
6478
3796
1612
8288
6696
8465
7820
7422
91
601
4058
7590
3127
6546
7433
6424
2888
4655
5423
6620
4455
1718
6140
712
5690
3325
4141
892
7463
4910
4488
5622
7625
102
4561
3181
2420
7453
1568
1293
8868
6427
7189
4862
7073
2437
7857
1528
5190
2151
1883
4965
7973
7662
4861
4760
6555
901
2598
3371
4324
6928
8858
4081
5012
7335
8864
3026
1986
4253
4004
4335
3087
4131
6652
6927
3428
1278
2539
3254
4368
2613
4602
5312
3028
8423
6549
8863
4141
8700
5525
1520
4855
7096
5868
1941
6468
3109
8750
8637
2472
4831
8442
937
7047
6447
1878
3843
1011
6833
1333
5278
7261
8244
7903
1712
2326
3547
1054
5489
786
2
7785
2185
7627
2484
8379
4890
7162
4711
459
320
1428
2802
782
8436
3070
3666
7165
5480
6545
2707
7852
6207
7368
248
3159
5510
8093
4156
8514
2922
2056
3262
7851
2470
5946
6257
2209
4563
6968
5887
5580
5199
6374
1013
3850
4460
7463
8367
7542
7560
5281
4473
7843
6979
1049
1578
3717
7380
8225
2869
5697
3007
5097
6437
7164
7065
3850
7211
2490
5712
1457
2602
7412
658
6027
2654
8732
6355
5297
7599
6947
8626
5514
955
6540
6482
4318
872
1422
4369
2541
3729
5238
4099
191
2574
103
8837
2749
5685
610
252
5877
1830
6104
2680
5961
7185
953
7295
1745
6261
2083
627
4822
5970
6392
4142
8796
682
2747
2978
5790
7021
3171
6627
6263
3313
468
3453
2551
8795
3607
8512
6989
6695
2750
3684
3750
3861
522
6033
8819
3026
2624
5180
1647
4612
8177
3120
5081
4860
41
2067
2938
6531
3362
7756
7558
8376
5316
2648
6718
6399
4744
1849
2654
2470
2537
7026
3221
2709
393
4936
161
5614
3059
2764
4397
6891
4980
1652
4035
6247
7272
6591
8755
1541
5575
458
3334
3893
5025
4273
7444
6773
8214
2420
7182
775
2526
8076
2075
1152
8798
2373
4468
4005
1906
6223
3473
598
3359
668
3397
3665
7512
471
8027
7052
1994
1114
5795
2079
3692
8227
6583
5019
6392
2287
6299
639
4482
3623
4365
5804
8476
2884
6349
4899
2124
4751
8534
8251
5885
2737
535
4358
877
3780
8160
7744
3293
130
7680
1413
2282
8896
6359
571
4689
8348
6512
8518
8823
2835
5015
8636
5202
6492
4088
4629
3022
3128
4929
6143
1479
6443
5093
956
7693
2226
4142
2613
3027
7455
6246
4353
4842
2953
3522
8480
5424
5778
211
2675
7138
16
8327
3051
6621
799
8056
3284
8591
3531
4723
165
4100
1537
8834
4738
3803
5404
1778
2464
4206
3900
5492
1369
5489
662
3794
2250
2971
4508
8105
6144
2918
2254
7905
1464
7015
2043
3234
6895
3070
858
2922
8395
2733
6081
254
3305
3019
7684
4677
20
4000
6646
7368
3238
3424
6959
6462
5960
5904
5806
314
4083
4326
7479
6147
1846
2532
7370
6622
1760
2171
3782
8294
3349
979
5996
7535
8307
409
490
8131
4187
8731
8085
2144
5171
3786
4668
6940
57
4481
6174
992
6163
545
7738
4069
4154
8833
7307
774
4548
1062
2917
6749
219
7252
4020
2260
6327
8323
7054
5551
5414
6575
5027
4252
5141
5336
976
6960
6763
431
6566
6179
4896
2791
2132
2805
2140
1927
3382
8373
2002
8615
3584
3125
5814
1336
1926
6819
8665
2409
613
633
6327
623
4477
8487
4417
3487
7828
7718
7858
347
2910
4117
3395
5638
1853
6327
5120
1216
120
4400
4941
7580
3550
5698
2992
1902
7337
3805
3410
3057
7195
4355
8718
5934
8751
4273
7214
2544
7287
7553
2999
4564
516
1655
5706
8366
8630
176
8382
4498
1699
7449
2290
5113
4591
7647
5973
7678
5496
2515
5049
4023
4308
4802
2052
7454
4299
6361
5787
6480
8013
2577
2829
1466
1402
378
7064
1895
8892
3525
2172
7162
4323
7812
1358
8645
2066
3605
1343
1105
7200
8435
5947
4773
2505
7875
257
4614
8502
7151
4068
2269
3289
1903
5385
8022
4621
824
3712
4214
583
4078
7686
1972
343
6787
8600
5395
3445
2307
5388
694
5019
4683
8179
8478
5529
6955
7861
2426
122
2451
2292
1742
8356
8802
3874
2420
2428
2236
4024
1243
8793
6029
522
3122
750
3976
4430
4617
8175
3761
1170
6196
1763
3375
6150
7505
2623
5807
2493
6565
1863
1286
4092
7032
1787
5944
2515
441
2913
6180
2968
1209
7182
4146
801
7889
4161
5058
7728
1553
2526
3244
3150
5261
1282
4996
8878
4982
2652
5268
8697
5520
8642
6359
8280
7507
1937
2390
1336
3705
1462
3989
1704
1996
793
8860
7914
6517
2574
7161
3345
6465
6978
941
4039
7518
7036
7731
5750
5690
5966
6433
6688
6545
6383
6348
1467
824
4766
2194
5952
1772
3723
4024
92
7437
1540
1155
4469
1322
5981
2362
2408
4391
1924
2232
7442
7702
2320
762
472
3106
5539
4545
6638
3928
6201
4059
4512
3345
7393
7090
1752
381
1209
1573
2743
2955
849
5502
5978
5881
3262
4429
8608
3605
4026
2298
4621
4151
7805
2665
7404
4004
1723
2846
5132
8077
6285
5063
1236
6380
5542
1125
2828
7790
610
2027
3183
351
8389
4488
6853
5717
3683
3490
8744
1111
4836
3034
8802
3904
8337
362
4439
4728
8586
6647
7558
7262
5340
3565
5569
4686
4267
8498
339
2138
1601
819
2995
1999
8015
4271
4662
3318
4712
1688
321
7132
3002
4022
3241
3252
5160
6232
6943
5181
5586
6999
8104
2863
3369
4820
3910
4824
7818
2168
1451
4085
3152
6606
8409
4018
39
6804
4789
4067
4599
1121
17
6899
6326
427
4260
1319
324
2318
8425
6934
1555
4057
5452
3501
1614
133
7530
3195
361
8737
4399
2544
237
5136
3980
5296
4513
8123
3213
7256
1444
2876
582
4465
6983
1205
5436
2942
560
2592
4500
5501
2642
3417
2530
7994
1155
4908
2404
8806
8173
1594
3707
4762
5621
6372
6662
1191
5346
7864
5705
1101
8004
1169
5490
7578
3475
987
5418
410
3596
4588
2635
6668
4238
7798
8802
5720
2606
4885
4141
8505
5719
3307
7982
8750
8069
4720
7743
611
3442
4246
6496
1596
5787
3400
6397
1473
6826
3851
4520
168
8389
1995
5210
3586
7859
5938
524
6723
6470
942
7485
461
3723
6100
4281
4698
2087
5639
8409
7655
2144
4808
5867
8250
6992
1040
882
839
1402
7329
7794
7654
366
3974
117
3725
6996
4397
892
2132
4196
1021
3040
2501
5660
6035
6772
8586
8018
1699
8286
1187
4342
5764
6924
3582
5027
5859
5494
6819
5056
8585
5322
8041
2048
8730
95
8649
5984
556
6601
6590
4748
6277
3459
1124
1768
3367
2590
957
3167
1195
1720
8602
7943
6607
3312
3502
5949
5435
7598
1137
7802
2972
5975
4510
4598
3899
453
5829
5941
7022
2603
7462
3998
1697
5339
6965
2305
5801
1814
1660
3269
4538
3653
3861
6866
5619
98
4341
5419
5493
2700
550
1858
5464
7687
1777
302
7849
5425
6768
2915
5661
3916
5044
7491
3157
4605
6247
1269
5247
1197
149
3621
5938
6768
3265
8219
2114
6544
7878
3802
5012
411
448
4323
2054
5604
7433
2909
3562
6663
3356
377
3946
7645
6508
623
7508
5269
3709
1015
2751
3072
172
4297
2552
5828
4820
7596
4423
2457
7088
1306
6446
2967
6802
5250
3468
722
5438
6452
6071
3338
6606
7484
6740
8672
8575
7192
260
2643
711
5745
2835
6864
1051
1940
239
5050
1772
5126
785
8736
7385
1105
8475
2051
2830
979
844
1259
6054
6786
8731
6156
3843
8312
5366
1588
6456
2779
6153
6527
7337
1781
1747
1343
7370
8482
1917
4863
5011
7317
7850
313
5668
6235
4852
5501
7909
4690
5843
7596
6349
7900
5488
2825
5913
5578
3021
1638
5473
7551
7494
7892
7872
3157
1400
5605
8258
7132
3581
3248
7962
4880
5148
7636
7836
8419
489
6508
3461
8765
2578
1767
5836
7457
179
8336
5192
7821
4330
1792
5461
279
8289
6359
8723
8857
1340
2511
4835
8146
6142
778
1109
2595
8533
1469
2753
6752
3888
6393
5090
5413
7077
5608
4973
5727
2057
415
2978
1964
414
437
2802
1789
6686
7684
5491
7688
7812
7878
7080
6877
1673
4214
2623
1801
658
3241
7824
7610
5583
7339
3934
6837
5601
49
2102
2681
1386
2997
6801
925
8433
2871
7733
5705
6875
8220
4809
849
4878
3965
7840
4909
8213
7113
3740
2864
2986
3173
5069
7715
1491
4268
5281
1974
5403
4865
5087
6637
5582
2810
6302
4815
1078
6155
7344
7701
5380
5818
3825
1338
7332
6975
2733
1618
8399
7925
7523
7388
5209
8138
8595
7113
6828
7986
8334
4165
6490
5759
303
2011
3133
7071
4167
2068
6562
3025
3832
2058
8669
4938
6383
6068
8247
3732
383
3415
1536
3663
2475
6378
6241
6599
1429
6344
3115
8089
6887
1992
6721
3179
1212
8521
5515
1815
7104
262
2809
665
3956
5374
4093
5465
7619
271
1756
2528
7765
3097
7603
4919
2630
2828
3285
2824
4669
5434
5642
6722
7853
7373
5038
1840
4237
5490
3727
6762
553
6433
5527
122
607
871
8607
6000
2285
776
7880
1158
4589
587
324
3790
3289
1803
550
7283
5237
2692
6045
1670
3519
4986
1712
5482
337
2254
1229
2129
5444
3893
1976
1333
6469
7481
4312
1759
3121
6184
540
3893
6454
4484
2134
7266
7049
1248
7451
2435
4941
5343
1525
6760
389
3857
5503
4520
8059
3125
5664
32
8447
5751
4613
696
7511
7891
6221
4707
6390
7691
4163
7952
2153
2152
4116
7934
2853
3345
7333
7988
3702
7693
6088
102
2368
4115
945
2612
1979
8691
2599
8896
520
508
4345
703
8770
1438
8654
8057
3927
2744
4945
6150
1180
2473
4608
7136
8641
6468
1668
4714
4691
6576
5229
755
8563
4512
7227
3397
6947
3609
2729
6598
5092
4167
7433
1645
6706
3414
8063
1415
3591
8175
4061
958
2749
8837
7821
8795
8406
2708
2871
4410
7024
6785
4205
2844
4179
3591
1039
4259
3111
5258
1110
319
16
7246
1058
5913
3939
2964
430
5228
7304
253
1124
5415
2515
4272
6905
8625
5590
7331
3891
4239
738
7218
8474
7207
8862
4589
6366
3116
2375
3805
7204
7233
7065
3743
943
4403
7780
1909
4856
5442
2279
6543
6006
6771
5661
7689
330
8807
5586
1313
7568
4679
1367
5771
8480
1698
7671
2751
5951
8250
5498
6214
2853
3500
1949
2791
7249
7672
3329
2503
846
3682
2475
7348
1961
3095
1213
1704
1546
1173
4260
6458
6429
1063
5136
2526
5866
1295
4162
8145
5631
5029
4858
5506
8844
4964
3690
2507
4823
2871
440
1557
5478
3083
467
3887
2204
2919
3810
5386
485
5968
1206
4778
3990
7939
8684
1791
7263
8322
5824
5955
3511
4084
5771
4716
7723
5869
7403
5896
8305
7605
5781
7574
734
2703
981
3347
596
1249
323
2948
6385
7675
7660
8563
3824
81
1516
906
5180
1899
4143
5400
5947
3385
6946
1394
6212
4650
5064
5235
4415
6813
5981
1780
187
2531
4044
1288
6958
5338
1196
6015
8000
2877
8469
4735
5324
6107
893
7643
4353
6498
717
6406
3463
382
1628
6249
4657
8487
6035
4845
5085
3987
7432
8472
1695
5881
8376
1294
4936
229
2847
8741
704
7028
6299
3070
3815
2211
4969
105
3758
6320
882
6816
6096
8474
7216
8705
904
6695
5530
7371
8203
5250
930
4013
4344
8897
3041
8343
6631
8498
2707
4124
3652
875
5703
5334
2982
7457
2434
2446
3518
5931
1087
7665
3106
617
2376
2120
7564
8571
391
7141
3598
4376
539
4353
6098
2287
7626
3818
8070
5526
2374
4160
3613
5657
3164
5222
2772
1882
5724
2346
4261
3084
3853
2273
4164
2165
908
3728
6522
921
780
6959
8108
4466
527
8176
336
1351
8136
696
8731
7516
3276
6892
3557
5827
4052
6348
6352
6053
8248
5682
2847
6944
2880
514
523
7166
189
3934
1379
3899
6195
7149
4746
4314
4951
8047
5131
3888
4886
1421
2646
5028
2514
5645
8708
5861
7615
7237
7013
3459
6275
469
1572
3998
4112
1165
1586
13
7653
2070
1162
4202
8216
4833
1321
5027
2146
8143
877
4904
1217
2465
1168
6827
3036
6718
4430
6135
706
3562
8451
1852
5821
6819
6523
5727
5577
749
202
3787
6461
5119
5134
2816
260
7344
5712
6581
4324
3681
3715
8371
6361
2109
2243
3811
8200
3644
963
6293
5634
4351
8206
4092
2518
8209
7281
1398
7209
4494
8349
1398
7942
5989
7342
4998
6230
7251
6568
4591
1007
6749
1811
5924
8747
80
4391
3712
4577
2713
6426
1934
8686
2808
7052
2111
5812
1043
299
950
63
4315
8271
8730
4232
2318
430
372
3667
6144
6480
950
5976
5271
5287
7784
2541
2282
4245
2439
3819
3570
5720
4497
6967
6416
1611
5134
7836
5232
8085
5188
6953
5618
4528
5592
7378
1980
1693
6429
8550
4019
46
7332
5133
5477
4857
3415
6421
8167
8470
3530
5697
6759
6031
5393
7494
3774
1764
6716
707
4195
1435
7334
6958
1292
2896
358
743
8594
407
561
590
6715
2788
8699
3525
7287
8264
1490
1559
7095
7613
8569
5662
4556
8390
194
8487
8035
6998
3604
217
3877
5723
4355
2585
1611
375
3841
2582
4499
2673
6726
7760
7909
2940
7882
3971
6231
1869
207
4410
274
5157
2511
5482
1766
1673
2403
1802
2702
771
1607
1597
5703
344
5613
993
7333
6115
1915
6913
4424
7808
5959
4423
887
809
6652
1616
509
5122
2256
6167
6791
8093
8843
7619
3213
7772
820
8837
6871
2039
8779
3729
1066
5130
2058
7565
6227
6890
5538
117
8854
2193
8886
1365
8097
6988
4596
958
3921
787
1293
6479
7414
4340
3706
6509
401
6894
6679
8461
5295
1978
43
2385
7929
2231
3357
4656
7650
7986
4289
2518
8484
2140
6212
4598
8107
7478
8421
5125
3176
8761
4916
6084
747
2300
5214
5625
1425
4448
7165
8232
211
5977
3721
6876
2151
6501
2336
5867
3631
8839
2207
4835
5398
7674
6895
5275
7027
8007
7301
1822
7372
1555
5285
5434
5961
2858
1639
5629
5916
6631
3232
3203
822
4956
2308
2508
7318
8235
2448
1607
5143
2554
1494
3237
6555
82
687
1972
4305
8839
7498
2318
6046
5343
860
7555
692
7187
916
8192
4863
5606
8851
5899
5608
7904
4013
443
5367
4387
6856
7691
5559
5695
5579
4819
61
2049
7778
5880
2172
8567
1324
5976
8033
915
6056
4379
4096
3652
1816
132
7320
3155
5643
8436
2603
4494
6528
7551
4968
244
5504
8817
1984
8706
5658
352
8663
4941
7494
7543
8308
3935
6021
5196
4282
2875
6766
4693
1848
8534
5246
1715
2572
6725
372
2405
53
6042
2216
4467
4420
228
912
1928
3063
1407
3993
8226
4157
5705
4615
8054
5057
3172
723
3386
6034
448
4154
8628
6628
1836
5703
5334
3898
3789
6245
4158
8335
3254
299
2622
2726
3028
3124
8080
3023
4093
2133
2876
7781
7439
537
5043
3919
6092
5558
8299
6002
5886
5271
8504
1888
2488
6738
2585
3425
4478
6930
8174
4061
8734
8791
904
5406
1994
5328
2029
49
1543
363
1941
7214
1279
847
8088
1300
661
1416
6705
7131
6846
7056
2450
6883
695
734
239
5190
540
4656
7445
6063
2859
7715
7947
7547
8533
8536
1925
764
3529
8250
4460
5523
3331
1291
610
1642
7549
1285
2764
3063
225
1043
6115
1678
6342
2921
4712
1261
5090
5739
8409
5786
1817
4777
4355
2463
1799
541
1666
1024
8390
5942
3603
7495
2597
5826
3552
8303
125
7496
6540
8154
1893
4382
5838
1817
1601
6269
1206
5613
3825
665
4573
6689
8741
7574
3706
7453
5835
7046
8742
7009
8518
1740
3573
3183
6340
7519
7981
516
8268
5308
1136
6494
8099
256
3894
6335
7839
2539
863
4430
8235
4953
6099
7725
1369
5813
7653
3923
2120
4999
2469
1978
7654
8431
8535
153
810
2655
4376
2981
7187
690
6245
7416
8428
6979
7489
8485
3680
6271
8514
3296
6183
4312
7673
3566
4540
4747
1814
527
8765
4059
7295
3269
2840
8058
7739
8568
621
3741
5525
5184
7062
6782
6142
7545
7608
7583
8196
3290
7223
8068
243
4749
5385
8072
4695
3342
758
4970
4512
4962
841
3849
3115
3129
2295
2976
4577
371
8139
7821
7865
8839
747
3330
5133
8301
7070
129
4857
5857
5451
7424
2204
698
3816
2547
6783
3667
3363
4397
7811
4551
8128
563
4343
3214
3668
3013
5251
4633
3006
7825
4050
8302
204
304
4003
2056
2939
5294
5172
630
113
7555
8411
2317
1646
2417
8213
8647
5092
910
5908
3743
11
3314
711
184
7886
1920
4634
4057
3777
225
2851
6525
3375
2802
495
3513
7444
4728
728
6969
8125
7181
4438
574
1052
2027
1568
1251
3700
5503
8440
2096
1918
308
8291
5789
8492
3819
3069
1020
660
1116
5752
8788
4704
1887
7841
7744
1923
4700
1204
365
183
7838
4517
1729
7776
137
8032
5860
353
3383
357
7174
684
755
4607
3068
3410
3606
3920
3625
1660
8608
6309
7009
1430
4549
4770
8065
3086
2724
8228
7899
4300
8075
1914
2980
4690
6563
6913
8356
4687
6108
668
6177
760
7478
8104
3949
6179
4774
4335
7217
781
6479
7605
474
1529
6408
300
3227
4266