10000
2117
3448
5292
2818
2582
888
1040
2686
1746
3039
3765
4515
4329
4425
2988
1070
1555
972
4218
2968
4177
3816
2978
3317
5330
168
2854
3187
1716
5613
171
4764
4812
5749
3695
5030
4082
4673
2742
4484
282
3720
1483
5467
2470
426
4012
4785
3100
3291
1969
3903
2742
4869
2145
4301
470
1975
3488
2414
4033
3852
971
2133
2869
5001
5702
4580
730
3958
2988
2881
4229
5734
2686
457
2334
3511
848
4904
2156
4068
87
4425
3645
2267
2022
5943
3605
5394
4561
2108
1186
328
452
2429
2750
5350
2599
3469
724
5432
4055
5142
304
5087
5673
3008
2183
1688
1967
2958
1128
4583
259
5965
3765
2545
4487
602
2979
5758
975
1336
5396
881
1696
3902
5283
257
3707
2984
913
3379
4181
2723
13
945
4122
4557
2593
5014
3760
1917
3427
1603
980
2602
70
486
4664
205
863
1997
490
965
4457
2720
5745
5422
3392
1772
3725
1926
3980
4983
2046
3749
403
3535
5952
2821
4423
5930
4008
3964
1998
5058
3908
3794
5900
5093
3832
4797
1593
3503
2122
4915
2889
3217
4266
3293
1199
4699
1166
822
1290
1835
3937
4444
5557
3231
2200
2534
534
1843
1781
933
3989
2525
4966
5399
4811
1952
5522
4298
3939
4927
334
478
2862
3130
860
3185
5269
2659
1623
5724
4764
3187
2675
164
1121
5464
4237
2670
2894
1299
4263
5749
1722
1189
927
365
4250
4867
4482
5246
5176
2867
2882
2362
1501
3459
1583
2427
2371
5014
3264
3874
221
2056
2168
803
5850
4802
4278
5347
3715
2853
1405
2640
665
584
4756
1673
2204
496
4934
403
4177
2377
548
1897
305
313
4662
3662
3882
1810
299
3879
4034
389
5529
5665
5021
125
514
5448
589
5134
1531
2324
1463
242
1698
918
4703
5909
224
1875
81
2862
5697
3843
1509
271
498
5537
140
616
1465
1906
2554
3526
4606
276
1054
5090
2651
2080
5982
5486
5813
5042
846
4223
435
63
4614
3745
4959
3972
1587
4423
3799
1173
692
1686
4157
4750
5626
976
5308
5972
3670
5625
5770
3937
1636
1422
5863
5612
3259
4144
1893
594
3048
655
2998
3285
5836
436
924
2395
1657
3493
319
4130
5726
3433
5584
5367
933
3900
2453
5006
179
5840
1373
1221
4453
2498
4426
3192
3881
5346
714
3443
2530
3205
4124
37
4688
872
4914
5190
53
2913
4316
177
5306
1640
4210
4203
1838
497
4679
5358
1691
2887
416
3207
5282
1778
4832
3339
2009
3731
4513
2310
2779
2876
1600
2522
5308
5547
680
62
4986
3262
4953
3265
1525
1196
1914
2813
4287
224
1355
3385
667
1356
1753
5643
2790
918
755
2911
2040
1576
3182
2322
4399
2006
3397
2431
41
1689
4894
2290
5816
4618
372
4428
3934
3150
1683
4086
5863
2020
5051
1786
2376
1129
1644
1424
1124
1957
5731
4391
4793
3768
4022
3411
81
2631
4865
5518
3798
5483
2772
2599
1330
5064
3568
2048
984
3324
1710
5640
5234
2668
3047
20
2525
1397
5945
3271
362
1974
1308
4084
1957
504
3497
2049
597
2961
4347
1303
4284
2164
288
381
5247
2452
457
3312
3560
5595
440
3799
248
92
5156
2125
722
4002
887
4684
2686
1595
5157
1825
4175
4688
643
826
1568
1520
1452
4023
4976
407
1356
3071
2380
2666
772
73
941
2634
5710
767
1534
3508
3836
1865
1347
1372
1328
2595
2075
5663
4617
2690
3007
4463
2205
560
1810
5630
1744
2041
4144
2417
4822
5840
4736
2085
5744
4055
3230
814
3744
52
1885
4390
292
668
852
4777
5479
196
193
4856
1948
5313
1790
4665
65
3917
461
213
4262
1310
890
3669
2622
5116
4685
3996
3129
5261
1628
3272
5364
1261
1919
4565
806
4616
4172
1538
5707
3033
151
1549
1849
5287
470
5509
4051
71
2021
1828
3594
3017
2551
2434
5161
4215
1769
1175
1982
2856
1648
218
4568
2920
5492
687
3394
3224
3860
1449
5745
4923
506
1230
1160
5341
1821
3334
4646
5176
5944
3059
3241
5800
5678
2348
4709
5485
5404
2591
2847
2997
5555
2851
1385
5933
2980
4928
5795
5782
2115
828
2210
573
2082
4670
2511
1322
1275
5820
2394
4435
2528
2806
2911
4589
2976
4768
3242
3144
1977
3909
3819
1270
4601
2748
5368
3654
5844
1226
2361
2893
3538
4864
3062
5117
849
2669
3718
1008
5836
3388
4210
5583
197
4412
470
2749
5940
2796
2957
4212
1687
2652
3805
4205
3008
941
1971
5334
5302
4856
1477
49
3459
5500
897
3664
5744
3794
3741
307
1051
2234
3308
4589
5698
4236
1073
190
2279
2619
3714
3049
4269
4148
1207
887
1059
4856
2110
5908
699
4383
1706
980
1911
4162
2124
697
3515
2805
3005
2146
5055
2650
3162
5452
5343
5216
4506
4772
5867
1782
3056
2683
1143
4428
1780
5310
4294
11
2605
888
1685
3832
5608
2667
529
2329
2678
1537
2112
377
2674
5473
5614
1569
3994
1619
987
1755
1543
1843
351
3337
41
4916
1328
5022
5837
3483
2383
2814
2402
3505
201
2117
462
1223
3041
495
4924
3015
2538
2970
2661
5490
5107
3583
3069
5573
434
161
4324
2540
4467
762
538
4347
3792
693
1340
1506
2491
5195
5153
5298
3974
5169
5272
3497
1107
2771
4577
492
2830
4528
5305
3381
677
550
5808
3744
1954
264
3049
2223
4489
5862
5037
5438
1580
2115
3431
2349
5155
3418
524
3343
3816
3362
1517
5938
4310
5572
4467
3662
1583
3832
5709
5938
1457
3157
3670
3242
884
3595
5552
2228
2146
2931
809
4112
132
5833
1917
4992
5340
2229
1337
5412
4004
1963
5564
3314
5033
5870
5434
2381
1797
5386
640
657
153
5098
3982
4423
4444
189
1466
1560
3866
4296
1197
885
2554
3405
5806
4476
3656
5474
4322
5354
2496
298
1935
5493
3592
356
4208
1014
4161
3171
431
2759
2292
152
3959
1034
1852
3493
548
5151
763
5777
1546
5708
766
4679
761
1629
64
958
4725
2322
1065
1285
4161
5855
3164
4489
831
4088
1980
453
3399
695
3865
4438
4593
2402
5445
4773
2625
163
4926
5170
4591
2719
4751
2226
4727
4912
5594
2580
950
3203
4446
4109
1694
1007
1990
4103
3869
3362
2662
2460
3171
311
2379
852
1844
2328
87
4359
2183
1290
4333
4563
3395
1895
2694
1443
1104
939
5761
1919
4493
5400
5502
196
2249
5755
2744
3586
412
1343
905
5262
3500
2467
1999
4280
340
3900
383
2399
4825
1236
397
5659
4869
5882
714
5799
4313
548
2999
2931
3600
744
3966
3771
809
2183
4602
2088
5583
2501
3947
841
386
5071
1063
928
5895
4413
1103
3204
556
3363
3093
3258
5003
5842
1326
2366
5042
2945
5273
5864
4343
3974
1662
2756
4501
4228
3471
4157
5297
4295
2815
2325
3289
5556
5274
5798
4819
5785
5903
5899
5444
5795
2375
238
3651
708
4767
967
857
2237
3045
2639
3228
4082
2498
2412
3409
4307
2427
1668
942
2946
3907
2261
548
768
5968
5447
568
1527
3546
5256
3041
5373
421
4548
1599
1425
5104
3793
5460
2505
3300
3060
1250
177
5097
5206
3058
2863
2390
513
3359
4236
4958
2498
1888
115
5690
2884
740
5320
399
5329
4691
3789
5598
3854
3662
3950
813
1985
5202
4633
2207
4436
5646
847
1011
372
1670
763
2389
3705
5137
3034
1897
4804
416
3922
2660
1484
1734
2221
3054
140
2107
3970
4369
3461
578
1243
1544
5108
2050
406
1310
4725
2029
522
2852
1042
5104
5319
1214
5976
2932
2693
193
1658
1892
794
3439
5740
1290
5328
251
2982
1580
2068
2330
1676
2477
3550
5793
428
5218
3280
1656
4732
1724
3172
2776
5893
1070
1618
2380
2414
1007
3077
3208
5413
3778
2712
1569
5784
3804
1804
3818
2721
155
4327
3146
5961
4191
1177
4564
1554
5526
787
759
5651
1037
1461
5933
4720
4018
3545
4670
5671
2948
3836
1976
4502
4859
2916
3898
5765
1982
9
2623
3415
5461
4935
4577
3397
26
2814
1702
5893
3054
827
2888
221
2319
3556
4377
2317
2778
2848
1766
259
3133
4147
5772
2318
2352
4644
1103
1276
3279
4799
5572
5517
4163
3344
191
2102
2883
2537
4695
1205
1844
4777
2618
2122
949
1756
2184
1304
4539
1581
2987
5133
4243
2365
282
1315
5162
2260
1045
1382
1712
427
2615
4255
1255
3371
2057
4975
3366
2275
5434
242
4153
562
4415
4355
1529
3650
1370
597
2460
5799
2736
1698
1812
439
1275
1798
3062
4875
2939
623
1492
3313
5493
1417
2163
4363
868
3577
5698
3209
3938
2264
2146
2745
980
3681
3950
1927
5785
1513
891
449
4921
1913
3690
917
2443
816
2097
259
1913
4490
5335
4811
4749
840
1069
2998
2193
3166
2783
3792
898
5251
1862
473
5551
5067
5458
3593
3847
1136
5089
1427
5732
1044
4392
3580
3727
1246
1921
53
1481
5439
1296
5447
2928
3335
3996
141
2612
953
5733
2620
4729
3098
5550
5670
52
3218
1365
3376
1357
4503
2411
778
5400
3909
5079
3705
2448
3488
5271
947
1245
2731
2311
1458
3955
2414
3544
2217
1071
5318
981
2895
1402
2470
2697
2634
1494
4721
3529
509
5880
4544
4695
2978
3029
518
48
5019
4255
291
3692
5124
1681
4786
1376
1999
787
4092
1716
3637
5674
5148
2305
2038
3522
5516
5376
2931
1212
2445
2212
3727
5958
4762
1066
2700
4035
5333
4429
3437
2366
4524
3961
781
1626
1857
1214
2615
1095
699
1847
3402
3006
5891
835
733
2240
2657
5455
3512
1142
3117
3807
1811
4079
5965
5165
2919
3721
4675
3963
1454
5662
4278
1272
1150
1187
1525
413
1665
4302
2761
1837
514
598
4809
722
68
3928
334
461
1378
5878
917
2296
5248
718
2151
2701
1661
2692
4295
4894
2419
2735
394
3739
4728
4620
5685
5545
715
2245
3790
5209
4380
1281
3293
1213
5269
5244
5097
4990
3387
4214
2586
1575
4745
1982
2023
432
5036
4824
4751
4972
8
3867
5417
3778
204
1071
1993
1447
4243
789
5745
5132
2088
1708
3915
3968
3424
938
3431
2416
3594
5304
1507
4205
150
4818
4993
2746
2597
5253
509
1891
3494
4818
5202
514
1864
5515
1010
4199
3251
3650
748
2599
4469
3453
5487
3038
4066
4055
3007
4099
1393
2335
1378
704
2360
1212
3629
1386
2078
5247
4850
4989
280
3854
1639
3270
2506
3402
2104
3909
5927
5232
5165
5944
4556
4908
5736
2697
5330
1955
4680
4541
2246
2409
499
1159
3440
4499
4154
652
1886
5623
2122
4004
4800
1759
2319
615
1814
2218
533
664
1952
5098
4171
2160
3170
1434
2147
3451
1476
933
2055
123
568
309
2743
3870
3356
481
5829
4007
5248
1452
2023
305
3111
1162
1144
2798
2589
5121
883
3113
1423
4016
2590
3148
4237
4338
3988
2006
2352
703
5176
954
3569
1999
3436
4491
5015
4448
3259
1334
2388
2526
1416
500
3075
3867
5049
2009
290
5348
862
2354
50
4942
4700
2552
3719
5595
5633
5017
2492
3824
1655
4545
2276
1070
2735
1112
3725
2653
3783
4141
1863
5548
725
4896
2600
2091
74
370
5289
1980
1716
3004
5840
2822
904
4627
3299
885
773
5420
4815
4241
4842
4564
872
2870
4223
2006
1133
3937
4283
3637
1566
2721
492
502
4217
5803
5951
1628
5522
5263
5728
512
2108
4650
4705
5454
166
4108
3813
2841
1880
4363
5325
3622
707
2160
4025
5730
3867
4067
5237
1352
3696
4079
1439
3119
2331
403
410
3496
933
5144
5898
5552
4512
4330
2457
2221
4165
4769
1841
3025
125
1443
1758
3202
3396
2870
5795
2058
1779
222
3761
1455
26
4376
2815
4029
3212
1586
3123
5762
3698
317
1908
2735
4465
5773
5109
2376
5702
1804
1565
5097
2227
2213
1228
2254
2321
4236
5723
5461
608
4352
1717
712
1384
4443
5526
137
1515
4428
5009
2579
1646
2078
5326
5807
5535
5022
4737
3622
3760
3419
2355
5974
4656
4663
5227
3812
3149
562
1708
4975
1862
3662
5155
5345
4599
1197
1352
22
247
4973
861
1275
2794
4986
3451
150
2886
1420
2719
3299
5498
2101
1701
3188
1998
1743
2055
2721
5215
1715
2987
954
2720
34
717
3984
2923
5981
1208
4338
3671
4716
3376
4787
2558
1080
3180
5670
1212
5078
926
1730
3843
4408
5477
5761
1962
1967
3348
2857
5142
4631
806
4532
1986
5907
4554
2761
4269
5467
3226
2905
212
4380
5628
783
4725
2913
630
918
4562
2384
1509
138
789
1258
3110
4312
557
956
2023
957
2633
4351
5196
5040
3910
4844
2801
2651
2525
420
1402
1744
1853
4020
1518
5463
4780
4694
1037
5048
1337
2431
4295
2758
3122
669
3744
729
2798
243
2204
3313
3445
2270
273
1861
5183
589
2872
5880
113
3979
4392
4142
983
5764
4284
2768
5739
3647
5532
1862
5919
2974
5619
203
56
2439
1918
3242
1101
2073
5852
2283
4215
4088
4299
5583
3748
5656
280
4191
1823
1156
4935
3357
4038
153
1776
3357
2384
976
990
5150
711
343
3394
471
2650
71
1805
2745
4670
5630
4780
4040
4126
2110
5927
2895
1466
4701
5019
83
3367
1341
40
4764
4038
2263
2165
5903
664
4561
858
125
1084
703
1572
3873
694
3828
2933
3678
3852
3535
5520
2192
2375
896
5230
1929
226
4880
1891
3682
1957
907
1783
5370
303
4629
2433
387
3906
1902
2082
110
4773
4656
2957
3424
538
2055
2201
3638
1769
1342
2231
5832
1820
3848
2390
3143
3032
236
5677
1783
2670
3175
4168
177
4919
2202
3570
2065
1396
2547
5772
1950
1454
5411
3418
3718
3939
1807
1392
4171
2680
4253
1914
615
4675
1951
3550
2455
2240
5290
3354
3670
2225
299
3440
1598
489
2780
4505
4335
4484
137
2243
5222
1569
282
4378
2409
430
4671
5203
1226
4844
1506
5102
4416
1262
3553
1501
2968
4652
1115
5824
2105
5192
2103
5725
1155
1971
1821
3229
1159
3301
3056
5686
2544
2011
2692
5045
4394
3572
1141
2026
3568
87
2128
4825
719
1197
5023
337
2936
1279
1537
5682
3370
312
138
30
5466
557
3224
439
4609
1442
4044
3925
1788
1820
2558
2406
4569
4507
3106
5395
3511
5088
2256
2019
3064
3277
5006
5957
2947
1484
294
5880
1765
3374
2317
2232
1873
2662
5578
3838
349
703
3417
2127
2043
4203
3038
4899
4638
2618
1767
4428
4172
2141
2171
4281
4056
4119
2966
2190
1550
3266
3491
3125
1149
4164
2160
4414
5503
327
533
1907
4928
5268
5047
2809
1672
130
5976
4860
240
108
1320
330
5717
1866
1708
5623
1203
4035
4175
3754
5696
3389
2289
3082
3211
293
979
3878
2043
4624
5395
4312
2085
5859
5499
4904
3094
5362
2610
3927
4142
4105
1951
1442
1947
3162
3408
5283
2457
2537
3211
1468
2151
2779
2211
1540
2980
1965
5597
1380
5151
2098
2817
1616
712
3007
4244
5857
2366
2803
2529
1841
1426
249
5611
1591
1438
847
1136
50
2885
1696
1422
5506
1413
3928
2162
5306
3649
3960
1925
1130
5764
1231
4776
2045
1288
336
731
4939
4918
3550
2917
5653
9
1370
43
1902
3167
620
102
2134
830
5548
4494
3456
677
3311
203
2784
846
4938
2209
4405
879
1400
2077
196
1473
3567
303
1103
117
2196
1132
5334
4778
1768
5498
44
3885
260
2140
3029
3859
5791
300
216
2736
1321
1368
3977
134
3946
4094
5980
1342
4512
4775
4608
5292
5847
430
5599
317
4999
2017
4634
4417
5160
4677
4908
3813
160
4899
587
2798
5179
547
1087
1101
1862
3460
153
2199
2326
970
2170
4101
1152
3992
267
2993
890
751
4038
5829
2540
2712
4859
3774
1666
1798
3575
2643
2460
164
5973
5047
3507
3182
2163
3965
3688
3508
3431
2388
278
3400
3990
4030
5847
533
3266
1168
4411
1916
2923
5409
861
757
258
2467
1687
3313
5434
64
5884
3509
5739
2163
996
3123
595
3969
1830
2301
5304
3382
3319
1651
5552
5140
4721
830
3927
1133
4532
2407
4231
544
3240
565
4186
2750
2924
5695
2278
376
4073
3368
2503
2768
3660
1828
3034
2724
5938
5296
5338
2111
2612
5541
2090
5210
1205
1118
3746
858
5386
4301
1532
3477
5278
5196
4922
431
4936
3844
1046
2135
23
4929
5308
5951
5147
2784
1480
2894
3795
1203
1195
5235
3069
2120
3932
3699
4475
4976
1546
1807
1950
1421
990
5771
1836
5026
3489
4464
2906
2604
3787
2094
4251
3203
2088
3683
233
2139
63
4420
5638
852
3062
4183
3107
2297
408
3158
1265
1223
1956
5960
2298
5239
186
4602
3940
5537
4116
122
5295
3015
5987
1192
3415
5101
984
5866
33
250
3467
2336
4913
3126
2168
1098
4359
2806
2665
5538
4618
332
3200
1683
649
3827
5795
5012
3018
3486
5742
696
4023
5941
5125
2623
865
1870
768
4005
1314
542
3126
1016
3756
5619
1048
5172
3071
5087
243
1134
2872
4577
1503
4964
5815
4305
544
5588
5305
1971
2848
2546
507
2771
4313
4971
4000
5544
234
2489
2039
4659
4225
4077
3205
2185
3926
1029
2780
624
1942
3930
3243
4609
3823
5446
4438
162
2808
2559
1327
1179
4700
5343
3693
580
510
985
1306
2076
1172
3526
4854
3753
5095
4213
352
3426
1759
3630
379
5514
2809
4681
29
4918
5303
1897
4948
4867
533
3839
2737
3674
1163
860
5958
4882
384
2626
1676
2942
5722
704
5451
4416
5075
5489
5514
5610
5094
1013
4402
5177
2181
1813
4370
19
5314
4775
1277
4612
2037
2439
1543
3333
790
1181
2591
4235
4254
1470
3042
5133
1955
3437
5791
2105
5230
1613
5842
5813
2383
5337
5773
5520
5436
3559
1494
5350
2489
5939
5568
1609
1349
3063
905
3284
5161
2119
3626
3895
2898
1279
1357
3625
3970
5269
3223
4743
2021
2265
789
3701
4932
1464
2229
2699
2666
2023
3896
3231
5686
3241
1746
4314
1902
1434
3784
4891
2532
2508
2944
3112
3987
1947
2915
1105
3981
2149
1550
168
337
2750
3329
225
5151
1867
2677
5885
835
4206
619
3138
4222
396
4209
5657
5532
3042
1724
2537
1486
4331
2212
5513
5320
3676
5714
2986
4548
1124
4717
518
473
3729
2895
2937
5911
1522
5162
35
4756
3898
4057
4326
1889
5806
4889
3591
3738
3258
1573
940
426
5012
4681
2005
539
3816
904
1475
2153
5691
1338
5710
5488
102
2666
494
3501
1272
5745
4010
3879
1689
3780
3587
274
3885
3624
5514
4787
2123
5247
1291
5551
3778
93
1460
5047
890
2399
2096
618
3688
3881
5065
2561
4346
4837
1788
3141
4396
91
2466
3512
3562
3060
4736
1233
1095
1731
2653
193
1390
2688
31
444
47
160
1711
10
1206
1446
2611
4873
3649
3393
192
3808
4714
1027
1928
5048
1836
2374
392
2032
2781
3778
1989
718
1356
228
3953
5158
5746
1904
5228
1000
3851
4622
2514
4187
3126
1779
1935
2950
3479
3593
5863
170
2868
928
2518
69
5803
3604
4356
5015
2297
3998
3662
2269
4170
993
4653
978
3493
3453
5126
1746
4164
5192
5956
93
4512
3740
1922
58
439
3441
4553
5187
3915
1820
3850
429
3710
3885
5355
2142
3548
213
4703
5853
960
246
17
2134
3126
957
5457
27
4466
4118
2005
3676
972
2425
1556
2063
1682
4299
4576
4855
5444
4475
4354
2351
3143
4225
3268
5607
4098
2985
4197
3952
489
104
5133
4266
3723
5788
2931
5481
3984
4526
722
5797
5814
175
5456
1285
2329
3292
461
5249
1636
5848
409
2485
1892
3666
4991
4901
3689
5850
1929
1482
5920
4053
3187
868
3292
3290
4340
1893
1368
5095
872
919
3753
4556
2537
2968
4768
1983
3278
806
2524
4948
2317
641
5695
2648
2374
58
798
4030
1793
4133
2597
5239
5877
1762
2987
4589
3993
5039
4951
4567
3882
2541
4976
5489
4731
3335
1130
2023
134
1706
2572
1123
4957
972
1737
2547
1173
644
916
4283
1096
3337
3302
2738
4321
4514
4679
775
5981
179
3990
4239
1854
3957
1067
5775
1664
206
3917
5039
4927
4775
3897
87
1562
1475
282
4905
25
441
3417
3349
4123
669
3471
545
5238
2238
1169
217
4655
355
2042
5954
3716
4333
5268
1000
5904
1961
883
967
2727
1877
5355
2320
5440
3216
1176
2847
4232
5774
750
5541
2762
641
116
1186
486
523
537
5425
5036
3700
384
4572
2734
3942
2371
3229
2206
5281
5000
4064
5557
2450
623
2247
1314
1151
1105
2023
1063
4322
1985
4881
5604
2500
3193
3075
4217
4083
514
5382
1424
1457
1930
5026
1493
783
5586
1498
846
3947
641
4951
774
2686
5983
312
19
3868
5871
5335
5417
4514
4363
715
1716
1502
4968
234
750
5295
5011
4122
4767
5617
2640
4100
521
1597
754
531
1565
5607
1178
3115
3681
3033
4107
2919
2517
2882
3057
349
4211
1179
5965
2910
3093
1215
3310
5991
1815
5352
748
1550
4935
2519
184
1157
46
1884
5790
4422
3114
5341
3770
5810
3336
1249
3034
4682
3395
2049
3717
3868
2239
4662
5910
3588
5652
5730
1007
5305
4286
763
4715
2212
4859
5627
4180
1163
2850
2951
2873
634
3091
4635
3234
4870
3409
155
5573
1845
4181
4628
2597
5765
1636
2880
5311
273
2608
2595
1504
316
877
486
137
2352
627
1558
952
3709
3069
1872
1833
444
5176
3084
777
3603
1429
1041
180
5498
158
5161
1125
5658
4166
4949
577
1979
316
3907
4554
255
1448
2557
5756
2606
4499
883
4244
1851
5203
1865
4776
2310
2795
2153
590
4551
2104
1708
4844
1568
2416
2006
159
1715
5361
478
4185
1677
982
4972
3393
5161
3317
1578
4996
2619
3327
4170
5104
546
2797
4329
296
4292
386
4814
2863
2014
4360
2025
5875
4608
5062
2987
3839
5441
2399
4042
3245
4021
2698
2567
869
231
4471
5614
4992
1218
3157
3970
1224
3933
2604
4299
4770
4087
1711
1866
1330
547
3615
2172
3317
4957
5096
4785
99
331
3739
5554
221
5285
926
1084
3848
231
3460
65
5820
771
5822
1645
4856
390
801
1943
2004
764
4216
5752
3731
534
2713
2699
406
526
5250
1912
1134
5686
5516
4661
3479
3602
3750
1939
3007
1520
451
4540
628
1646
2045
559
724
1970
3315
2927
4156
3154
2781
5335
2114
3987
1824
5686
2573
4227
679
3322
980
1548
4930
135
1255
1161
4166
1255
2640
4862
4935
485
313
5676
5124
2085
4488
2154
1975
4435
3210
2324
3756
3980
2906
182
2547
5491
1779
4063
5365
4780
842
3129
3560
5079
2715
1911
5304
5562
3804
2061
287
5293
4218
2297
5022
2438
4862
5738
1198
419
2252
2243
113
4656
3792
951
3228
1074
4613
4674
5475
4577
5496
155
5642
3184
2116
46
5369
2578
2850
2412
632
1150
2037
4462
5762
610
1159
110
630
2041
2865
4947
2529
4598
3016
4904
1288
1765
4682
4231
950
5129
2586
1710
5797
4063
2654
1838
322
4816
369
4620
3569
5839
1612
4963
2620
5329
1188
2619
5914
4504
4045
3434
1712
550
3626
1045
168
3212
4757
3605
3896
4619
1463
1502
4563
327
4665
1699
3955
5321
5787
1813
1673
4245
1378
2689
2986
4053
2284
1958
577
2063
4316
2445
1085
5151
5998
5247
438
1610
1670
3110
59
2763
724
4949
4377
110
400
2293
664
5489
4663
593
4716
2232
1762
3467
5171
938
4058
2115
928
2799
3028
1834
303
5017
418
5412
329
5418
1262
2346
3652
2678
1755
4909
3521
2429
4311
2876
3654
5991
1295
1088
3399
3723
3729
4852
3390
2531
76
5499
3551
5555
2182
3259
5735
4890
4647
5360
5692
988
1964
1246
4228
2318
2941
2039
478
2852
5945
2743
2626
1182
4460
937
1505
1940
4434
2579
1289
1565
2023
3797
5342
1762
4795
4096
496
4495
5173
4631
3782
4951
3184
2667
4027
49
2860
1082
783
1690
4375
538
2586
3333
2874
2369
1095
1246
1754
3795
456
2068
4072
4127
4964
4167
1904
2466
3523
4844
1544
1983
3679
1314
4961
3674
3998
1794
2909
1457
5080
3353
1797
5598
3190
1485
1212
2009
4888
2426
3002
5249
2741
1379
4175
1714
880
5056
3702
5860
4144
394
3558
1938
147
2393
2859
1272
4372
5199
4371
5300
4336
298
4715
3103
271
4473
938
3480
2956
5895
3578
1098
1843
2294
5241
2300
3139
3247
2795
4941
4092
3049
3313
4686
5794
5858
5452
797
4626
5939
3637
5688
4054
3701
914
2444
2663
1073
1444
2406
4119
223
2905
4248
2816
2461
96
3852
3151
559
4133
1126
2404
5430
1209
1287
2984
29
3308
413
5021
141
4853
3016
2259
3889
3043
4141
1381
2798
5637
2066
1804
389
822
3869
145
5064
1871
3333
5762
1601
3646
4068
1806
2512
3285
4623
2492
5626
5459
2635
3765
1031
3385
3978
1369
5888
1990
4927
5417
1955
2471
353
922
2068
5321
2016
4608
3340
1143
3919
4158
5974
650
3420
2495
786
1211
5746
605
4420
1649
1755
3339
3002
4300
773
3004
2843
2501
257
3074
2944
3915
3808
5129
3293
3146
5738
3190
1270
16
5152
4483
1540
4477
3790
382
5964
1484
583
4678
2244
4322
998
306
716
3013
3919
3767
4549
5011
1765
840
887
846
1215
2059
2841
4291
5201
3639
1472
2557
5335
4404
2496
3271
1800
4525
510
392
3039
1360
1918
1578
831
4621
2918
3502
4414
280
5226
1971
4640
2258
4250
4313
3597
695
3263
1732
3540
1674
2283
2943
3206
5686
4987
2593
3809
3444
1214
5394
3257
4158
1973
406
4921
5308
15
2593
5141
5338
5876
4921
4413
5501
3916
3078
155
4183
5674
1105
1262
4778
2851
1366
5077
4974
4372
1145
5633
325
5692
970
5066
5832
4713
483
285
3845
5391
4289
680
670
2590
4201
1797
3361
4530
3705
1770
1910
2439
5626
3770
109
4132
4479
1307
608
1329
5947
936
4870
2960
4816
5645
4907
5855
4580
789
3434
2793
2310
4791
1385
426
593
2188
4649
5568
1716
444
668
5374
3724
3885
67
3200
4957
1700
234
5175
5677
2517
5444
3353
1809
3710
3774
4555
2890
3506
5950
2916
4336
5117
130
835
2385
5683
3540
2291
2657
1039
5612
5504
269
5495
5236
931
5579
1708
899
2881
555
4258
3115
5792
5347
4031
4616
2883
4414
94
2679
4210
494
3751
1039
4606
3756
5231
815
5273
4160
3943
2518
4639
2904
5940
3085
2313
4473
2843
4976
1183
2608
3070
2362
79
2003
337
1488
4353
1067
657
3877
2564
4360
1403
5010
2518
4457
630
3175
349
893
1625
4720
2611
1740
4476
2889
5407
947
2303
4409
1572
1118
1496
1603
3424
1389
961
2604
3420
3743
2461
4206
3503
66
5954
279
1501
930
568
3856
3844
5667
4627
290
983
4349
5750
4338
3526
3447
2081
3407
4764
2248
2306
1446
2864
5800
1587
1129
3497
4025
5755
2605
4432
3419
1217
2546
1785
4197
1388
4477
380
4447
565
1904
2491
1207
620
5074
1638
2622
5077
5972
1663
5054
5442
1256
3760
4509
3414
1701
5342
5438
359
5818
5912
2023
1858
3564
3132
3205
2554
5329
2059
3603
3027
317
1683
402
4954
1658
5180
2512
5491
875
4948
5783
942
5378
3976
5960
4785
3275
784
5687
5135
942
4089
746
1991
468
5349
3056
1942
4432
69
5748
3913
4060
2027
5126
5573
3358
5554
1757
2520
2831
5947
5483
871
130
1081
2479
5587
3172
4420
5278
4546
2372
4468
2086
2228
937
4410
4487
2309
2125
570
1059
807
5199
1870
2882
3351
4850
387
1427
3720
5026
3168
2304
995
4605
5875
1862
5387
2870
3468
4770
13
791
1203
1541
5592
5941
2898
4637
4948
1068
5448
396
2261
4888
4677
1672
4259
4198
5128
738
2785
2993
1558
5519
5204
2164
1091
3622
1062
2549
5099
5438
4656
1799
1046
17
3996
330
3290
3409
1952
1750
2479
2653
5578
2772
44
2106
5928
4203
3603
1189
3741
2731
1986
3020
5233
1684
2337
3428
4850
5276
3576
2400
1969
10
1740
462
3843
4661
3675
3930
909
1719
4786
1035
514
4905
5940
2432
2121
4985
3694
2858
4946
3910
1698
1925
5813
4025
783
2313
3992
5861
4559
2676
4173
80
685
5569
1033
5581
4263
1268
529
5672
281
2023
3945
951
2506
328
1743
5904
1308
5865
1582
719
3453
4058
4312
5814
649
5817
3878
1362
5938
1047
3160
2111
2861
435
4221
372
1400
2539
722
2427
2330
5273
3630
5674
3980
4862
1519
456
571
4087
4553
4693
1094
3455
2626
2626
1257
1218
4932
4445
3389
5166
5734
5233
4862
1834
4089
2072
2107
1371
4505
4768
5143
5155
4388
4180
428
4637
1835
1786
4298
3423
792
1851
2493
4467
1017
5405
3808
1595
5114
183
3606
2277
5037
3163
5539
4397
813
2146
773
5447
4348
5199
5582
5785
5549
1939
5067
4446
2199
2620
5383
3146
147
5966
4374
3884
2740
396
818
4684
4264
513
2257
4322
1162
2867
118
1225
4641
2030
3825
5688
1014
4851
5074
1592
2268
2708
4917
5078
339
5362
5395
2495
800
461
2130
5071
4788
1656
1658
417
1329
2089
1183
3835
2943
1261
4623
2682
1821
3842
5805
169
4795
5694
2133
1296
892
2783
1616
32
1478
1739
4345
4902
1117
5762
3523
702
737
1047
2436
2985
373
3408
4360
4924
3668
1240
4649
1008
4085
2236
3257
2497
5556
5227
3700
1106
4327
835
4179
2006
40
1626
4939
5589
3744
2281
2718
3181
3737
3921
1946
775
1406
2820
5795
1387
1335
3209
3627
5652
4133
609
1947
5242
4481
1849
5345
1890
2062
2418
2375
5902
2867
430
2946
4747
4469
4770
1181
1388
4521
1469
3270
164
290
2482
1091
2737
5431
2313
5770
1119
3208
4527
3873
5431
5678
5696
1108
1896
2936
829
1119
1320
1547
2043
3908
976
5873
1049
2918
2564
2028
2239
1132
2665
3338
1784
4952
2000
758
2609
2459
5749
2647
1257
2694
4340
2557
3515
5068
4772
3662
5285
4452
3692
350
1950
4616
4247
4574
115
2863
4383
5395
3207
5090
969
3396
1208
2093
3895
745
5108
1138
327
4370
1369
4673
290
5348
5568
4418
2359
1980
4145
4902
2743
3787
3439
2315
1388
3167
706
3425
643
5745
4075
354
5439
2167
1726
945
1350
1422
1174
4027
4553
4147
4125
5322
4980
3277
4327
4898
5006
1697
504
2403
1250
4304
2347
3182
5956
4893
705
729
40
1684
495
581
295
1016
5233
4123
3623
4624
3069
938
807
119
349
4596
5662
4117
3334
4111
4840
1807
4419
4946
5242
1673
5104
1135
5819
4544
988
2457
717
446
3988
2870
3652
3544
5027
3965
4043
204
1275
383
4627
5565
1596
1132
3956
3751
3520
1840
1559
2594
1888
4232
3265
1549
1339
4621
1911
4098
4303
5079
3636
613
222
362
2130
3479
944
2118
5089
5368
69
4636
533
4036
319
5676
77
3972
3179
2069
1025
5147
898
4123
4557
5755
5604
2104
2206
406
2054
5944
1900
2196
2746
4014
5344
1235
5002
477
2807
1402
2750
2190
2525
3251
3700
5228
1230
1662
4544
3939
919
2235
4055
4489
5715
2099
1804
2374
3875
4840
5912
4683
3314
124
2737
4336
1291
2305
332
4842
4970
2703
5261
5622
2397
4708
1598
1306
2056
376
874
544
1861
4115
5025
5665
4140
4257
4299
3246
5430
2628
2602
3967
1490
4066
4875
2402
515
5363
3938
4925
1331
5702
4968
4216
2973
4433
2092
1008
502
499
319
3499
3966
5368
2823
5199
1098
3071
197
3033
4005
3086
5411
2343
102
1295
4132
4330
5832
5196
791
2692
2438
1949
5213
2159
5146
810
2693
5707
2166
3292
2745
4932
2309
5102
1
2121
1244
5676
1304
3444
5167
905
920
4244
291
2626
4114
1679
301
3761
1175
1305
5707
3627
1061
2018
156
664
53
289
379
490
868
713
342
480
35
999
1294
2012
3087
156
3892
3347
3524
1533
1029
969
1868
2521
2696
1015
5407
4404
2117
1440
5225
4681
4041
3983
1965
581
5624
1015
3065
4678
38
207
3902
5811
2592
3115
385
4288
675
1020
3412
2360
103
5528
990
5186
4795
3532
3593
5364
1082
2463
4596
4902
1255
1353
2957
3311
47
2506
532
2878
282
4846
1496
822
3066
2057
5928
5580
630
1119
3730
1098
4027
2865
4578
4513
2993
2779
1785
2092
3422
3701
3596
3574
1611
5000
4557
1239
158
3074
4242
4168
488
535
2078
1256
4032
169
2120
2739
3603
4012
4734
5963
4732
3498
876
4389
2774
4444
318
3268
722
4439
5455
2580
1251
3922
5210
4066
3500
4689
5422
3555
2877
5562
610
3492
787
3322
482
2825
659
5046
4488
5410
4967
3633
4841
4113
4125
168
4465
1714
2756
974
3447
2048
1080
5498
6
111
958
4054
5239
4913
4589
1179
3086
5170
2888
3383
3603
5451
3963
3493
2610
1675
5951
46
3613
3617
5080
1098
5940
3332
225
3709
800
1904
2115
4561
2412
1289
3317
371
1867
2604
5807
5574
821
3788
547
5671
1225
742
2565
5013
3751
5263
4363
1772
2097
1035
1885
2389
1030
5860
4114
1907
4689
881
380
1183
3055
4327
972
2314
2135
3592
1627
7
1868
377
5224
5825
3071
5409
5873
5198
768
1212
5958
1537
3540
344
2465
1378
5404
929
5340
2006
4490
3900
886
5940
3408
5364
2616
2897
5770
251
2878
159
3636
4357
5904
1721
1810
2059
5318
1621
5987
4915
1139
3477
923
4843
3643
2712
1863
5594
2910
1207
4251
5620
1517
3967
5490
5284
2418
3706
2794
2976
5428
518
4334
5799
3900
5182
439
744
5567
3345
1611
3720
2019
5574
2762
3409
5017
4564
1722
5903
1035
177
3340
1671
1908
4016
2841
1937
2231
2526
5641
1612
4827
3012
5487
622
5143
1123
944
4460
2273
1119
28
5564
5596
532
3602
1942
1206
2081
267
3853
1985
2890
1941
5251
3177
2663
3892
5884
2342
4502
4513
3041
3704
5998
4893
5006
88
2141
4266
3895
3621
3261
3631
5916
150
3775
2075
1376
414
899
731
150
2259
1788
5626
1937
1072
236
3444
2480
3231
1060
2118
3771
2606
2986
1860
5597
1639
4596
1855
5065
3815
2372
233
4723
5259
2025
5102
5402
589
2516
5470
1444
3771
4363
782
1917
373
2956
3935
5852
4696
1786
664
2561
1144
5860
3310
3163
1915
2477
5737
1818
5044
1666
2334
5887
1556
904
2678
5046
1133
4042
1892
715
1589
675
5999
4242
2204
5943
5225
4682
661
2003
369
2029
1708
3671
3580
5399
4714
1940
3487
4111
2779
3653
2399
2106
2029
895
362
5468
279
4888
4719
655
5893
5949
973
469
5860
5067
959
1972
3251
1055
1157
3042
1297
306
4180
3884
3323
3278
333
5193
555
3780
3935
3936
4275
3894
2213
1310
5582
5756
4404
1772
3283
5713
2135
1758
2699
3111
5538
5647
981
1515
861
1725
2496
5357
809
1724
2715
2477
2146
3000
4556
5525
100
2114
2014
3037
2193
1967
2854
5648
2389
3494
2650
5385
5758
1583
4170
2422
1186
213
3739
686
4213
5040
2920
2211
1440
4918
3086
490
4595
3105
3611
1405
3215
3757
5614
22
5744
5662
918
3572
2793
1332
5125
3367
5074
3111
5599
5225
3554
294
1292
1934
5260
3871
1313
1060
5193
5802
1597
3275
4880
2365
1054
5284
5882
1246
2170
2001
1969
4148
2677
1523
5294
168
3892
2881
5914
5553
3137
4329
5318
3861
2935
4302
1813
1678
2144
5344
2445
4554
828
5941
4065
3642
4691
428
279
5841
3484
3829
941
3599
3256
5406
3616
5768
2639
5093
5978
4432
1146
5640
2666
3267
3957
1020
5430
2751
3471
4205
5101
2826
5556
3415
3320
2736
3457
1652
1476
3465
2603
73
2070
5307
3388
1720
605
3528
687
2045
5038
3051
5365
4013
3408
1188
3275
799
5685
3672
997
3527
2371
5278
4728
4115
4043
5841
2087
881
2311
988
3618
2514
1829
1074
3571
3359
5879
2237
416
1902
2065
1427
5167
2050
3460
1543
7
2132
5460
2659
1966
3804
2468
5075
3702
2791
580
5273
3677
764
1442
5806
5733
4051
5433
2852
2184
2335
3616
5916
920
3449
3256
5095
1462
945
112
2678
655
2500
5835
5954
1420
5651
5021
5814
46
2753
3371
781
2780
607
4560
5652
461
2259
1693
1116
2617
609
5359
3671
4516
5544
1740
4517
548
3373
3614
2758
2679
3901
4618
1178
928
1488
4386
82
5029
5619
2806
5430
4964
2836
3136
313
4888
3604
4635
5202
5251
4995
62
46
3140
2164
1439
1875
3912
504
5266
2673
5139
614
4101
4878
1988
3382
4724
4973
3872
1611
2087
2998
3803
5929
4707
1680
2408
1427
5628
2943
4737
4411
3506
3683
3839
4572
4038
4764
49
2512
2170
4525
353
133
291
4350
4735
4258
4325
1507
4879
5662
1331
3640
2909
3064
2243
3210
3457
5758
5466
2485
875
2323
3935
729
3107
418
1039
3416
5344
5960
4924
1361
5441
3561
2646
3671
5639
357
2945
4150
3102
4122
4064
5075
3081
5866
775
776
2330
828
1307
291
3045
5685
3650
4029
2197
5562
1244
4317
3219
909
2162
4919
738
5969
4199
5347
419
4572
3571
3101
2814
1317
5382
2753
4259
4860
3648
3241
5642
264
1087
4517
4654
4634
4316
5755
5911
4617
1474
78
5112
4627
932
2193
1961
5144
4337
3111
1667
1428
358
3757
3256
4205
3476
1729
303
898
5769
3337
1914
4003
4674
2956
5822
3645
266
2104
1653
4443
5436
1801
3098
3494
3988
4186
385
3190
792
5115
523
537
1574
4215
5905
3329
1261
449
1158
2588
5453
5013
4847
4137
4163
1109
5952
3976
2370
4316
4879
2233
1458
3224
1992
4556
660
5761
218
5290
1344
3113
106
654
2815
1378
2430
460
3050
2494
2384
5817
947
5065
4989
423
2954
4961
5331
2879
4233
2409
820
2476
237
4289
5078
4349
2224
1349
2669
1500
231
1868
1244
2341
4908
4193
1323
2786
4679
5493
926
5876
1933
5061
1287
2393
4234
1569
1603
1699
431
3338
1057
4935
2293
3629
418
4525
2299
4080
4236
1702
5824
884
5586
5079
3821
2649
1515
4760
3638
2546
4200
4740
1483
943
544
1175
3002
2686
116
655
5745
971
1070
2893
811
2309
48
1279
3776
2797
487
599
1258
5224
53
1049
5475
2208
4571
1585
55
2843
4060
3884
5137
2317
3452
1351
3086
5243
1523
5613
3965
3581
1956
4854
5814
2693
4268
1513
2602
236
984
842
2059
3601
3482
2258
891
5495
1700
795
4114
4530
601
2903
2910
3185
3756
4493
4856
4697
4193
4533
1274
873
2634
3676
3269
1198
1234
2782
3939
3059
4983
5818
1859
3219
1825
1537
4834
1195
460
3590
3544
729
1500
5434
2981
5052
1945
2630
4937
5775
2656
3905
2043
2451
5567
1187
967
5806
4989
5693
4261
4917
2856
1055
5547
782
1045
5690
1360
2220
5658
3662
4237
603
989
546
5373
3200
695
4216
5252
4603
3845
4164
404
1079
3775
5407
3652
639
570
5028
2205
767
5328
4627
3873
445
5887
2199
4008
2255
1271
2718
117
4994
5667
1441
1463
5021
1813
3767
5111
774
441
5657
1072
4692
652
4469
3006
1637
2038
721
1650
631
1457
3471
1274
2362
2673
4929
3313
4495
208
2998
3333
1128
4047
1410
1411
2335
3945
4630
4826
2803
5916
1432
326
5671
3555
5181
5792
1418
5193
2371
217
550
1068
5486
3537
2197
167
5100
2349
2883
455
617
566
3442
2325
5943
645
5242
3058
672
3692
3407
1894
4847
714
26
3145
1603
4807
3492
5137
1895
5302
3836
2781
2783
61
4560
3872
5213
2169
4844
2282
1944
2349
5300
867
2884
3346
3611
4536
550
4360
4521
4679
2810
4656
2220
4773
3511
5052
4563
294
4857
3746
4559
1314
2729
661
5541
5883
2084
1370
3845
4502
4847
1126
5950
2499
1413
5159
262
4256
1196
4955
4587
3535
781
5157
5971
4127
3840
5787
362
162
3605
4551
3425
4197
3789
3987
4138
2223
3805
3727
2452
5179
516
20
5831
1684
4705
5721
3360
4352
4791
307
5098
5901
5158
1025
533
3571
690
1415
2044
2297
1009
3683
898
297
3700
1753
4710
3426
1021
4039
452
3468
2504
5408
3019
762
5325
4287
5421
4119
2428
2009
1371
3298
5453
3523
5039
2764
3455
567
1533
2391
1684
156
4171
2832
5121
5535
3984
2952
1011
5933
3331
753
5855
1630
3398
5749
4006
5770
4246
2402
1993
3925
5868
4999
2313
3599
844
178
2714
1947
5971
455
2506
4061
1784
2348
1238
188
1641
5789
304
2469
3108
2494
4678
619
3443
3823
126
5289
4758
3684
2320
5131
398
3759
287
5171
520
1523
4692
3806
239
5064
5962
2876
4246
1795
5845
1050
4512
3818
4130
4456
2098
5523
818
3375
322
1695
157
3021
53
3424
3188
2287
4135
3374
3663
4025
2062
2066
5667
119
1098
2497
2231
4043
2532
1802
2372
1648
3977
5075
777
940
5554
3864
3033
875
2941
2911
4850
4825
1366
1671
3754
2814
1876
3675
4741
872
4132
1820
4988
2446
4150
4012
3358
5600
3293
2774
844
4519
5322
4508
5043
977
2648
2249
2733
272
342
2789
1085
5150
3216
843
4752
5427
4743
5416
2167
4856
3061
1500
3516
2157
88
4331
2789
1542
506
3432
3581
167
2068
331
5502
2857
2628
2777
167
5627
942
4470
531
1344
736
5837
5229
3308
5259
3931
858
3877
608
1987
1459
3823
993
2886
890
4317
5459
1191
5765
2909
5207
918
3083
2886
1341
1896
2799
1966
5250
2539
3914
4590
969
2173
1421
250
5101
5481
2283
2574
2574
5704
5559
81
4871
1680
1864
5741
1887
1850
169
5751
4704
3622
2136
5818
2755
2344
1967
3364
1132
4892
4627
4068
4073
2868
2854
4820
1466
641
5215
5977
4908
3191
335
5503
1358
3002
4014
5660
32
3058
79
3400
2371
4163
5886
3347
37
1603
3495
2757
3514
4919
1442
3682
1078
1492
2008
2003
4826
3044
4276
1247
2634
191
843
1513
3287
2633
4461
5753
4330
2307
3332
4074
4813
1227
1697
5909
2982
5506
4783
5863
3146
2459
2464
5988
1749
2653
4426
5866
994
2011
835
2987
4781
4832
767
2181
3320
4373
60
3404
3141
3741
4427
1208
1587
3368
4869
5850
5794
2098
5021
5319
4260
4413
4101
176
3726
854
5764
635
4207
4595
4759
2319
1473
345
5292
5981
461
5515
2589
4609
5447
1380
2722
5404
4031
1256
4401
4381
3783
4575
72
4895
2990
1516
4727
369
731
591
4454
2467
4609
5425
5197
4546
4982
2108
5735
1243
4075
4887
5390
279
5509
412
5871
2881
1691
4697
2144
2470
2452
1383
2851
5631
4523
5863
5329
5956
1618
4923
5250
5869
1062
123
1
23
2182
4175
422
1924
1521
3159
307
4895
5184
5793
5386
2578
1644
1846
4677
2034
4446
1985
15
3226
2574
5565
24
5119
2779
5778
5624
5151
5637
5520
5217
5386
411
5849
700
3516
4275
221
950
5293
1077
3955
447
4730
477
2751
4313
5772
247
3217
1423
5077
109
2774
3449
2616
4152
1303
5145
1743
3535
1155
5258
5663
576
5999
2167
1794
1147
1162
3758
4226
1035
721
2150
4618
5119
1294
4642
28
1465
5852
4905
2421
4098
141
5278
3637
2401
4083
5364
2973
1076
5206
1759
5921
4697
783
4154
477
585
2520
4626
5084
5458
3197
4042
5387
625
4830
3497
2858
2660
5117
279
3682
2250
2838
1566
435
722
4530
5392
3064
1798
786
3151
1829
4962
2228
5920
4336
3139
4165
5443
4944
1227
5821
2963
902
2099
5890
3012
3570
586
2506
313
1958
4928
4076
3672
1860
5217
3720
5755
2054
3127
1562
3286
4673
46
2213
426
4397
4909
5161
5719
4495
5674
1334
2456
2429
5875
665
4336
832
1519
1822
2478
5292
473
1193
2901
886
4555
4061
5119
5418
4410
3389
1818
5664
2535
4289
856
5885
5465
4614
4661
1424
2786
1818
2283
3594
1621
1244
1984
4552
5384
4923
535
1305
5084
3994
4200
4853
5312
5539
5841
848
43
301
86
2286
5515
2791
5893
1586
5809
4450
1367
2904
3161
1055
2506
4655
4910
5306
5265
3312
2077
567
35
5486
2854
513
581
4540
90
2003
574
5925
4772
3813
1381
2485
1732
5997
4079
4829
1350
399
4743
934
3557
3631
4143
4029
1489
5545
5942
7
275
2530
4771
5476
267
600
5431
5003
2211
1354
1496
3806
3877
1441
4132
5348
5673
21
2923
4912
1228
436
1962
1679
1823
5100
1929
5223
2370
2551
3051
545
2060
567
5651
2242
5042
1905
2219
1133
567
5075
2619
5996
4903
937
3057
2116
5499
4794
4356
1468
2622
1031
4779
5838
569
3092
3653
1166
4670
208
2634
5659
4302
952
1747
3310
1790
1890
307
3768
3801
1790
4346
2152
3817
1965
2775
887
2044
5812
5724
3575
4195
1583
3922
1030
1788
5813
1674
1950
4252
1054
2463
360
2442
2959
1695
3951
5190
5746
327
3609
4488
588
3667
833
2684
2628
2022
4603
317
2766
5121
4858
483
5058
1465
2719
3030
717
1523
1977
216
4357
5516
2747
5327
3987
5709
858
271
4824
1697
2297
5486
2115
5087
3607
3916
3090
4345
5159
3791
3070
1633
1486
1932
3605
5876
3384
1495
4975
922
4473
4224
4350
3394
131
1071
920
1505
4697
2918
1164
4333
1493
1070
2825
5371
4368
5971
3857
4802
5939
2371
2363
4185
3146
2725
4031
815
1723
4111
2326
5362
1296
3902
3223
4073
1137
4721
4956
2536
2997
1585
5648
2242
2628
4736
140
416
5107
4233
1509
3412
3638
173
982
2102
1861
165
248
3406
3040
105
5782
587
593
1801
3038
3591
3847
4752
4235
5646
1015
1321
1806
4355
2723
122
1558
4409
2585
3616
1708
3489
2602
4913
1725
1123
2920
1122
2212
972
4474
1551
5496
2892
1802
5062
1649
827
1699
2549
2569
356
5997
1862
2398
2317
4367
2627
5379
1739
4607
1838
821
5424
4397
2293
3984
1679
77
1915
671
2725
2540
3263
1172
5463
1824
4914
2553
3661
4473
732
2711
37
1047
1352
3492
740
2516
5408
2756
294
1743
474
2365
2636
731
73
4495
5509
1078
5970
751
5784
1879
5843
3816
2734
690
2934
493
5452
74
1718
3266
3876
5127
784
4377
3045
4801
3244
5162
668
5159
377
983
2066
899
4535
4733
1752
419
3044
2583
4502
5980
2926
4158
1204
3536
758
51
5582
4915
3303
220
25
3208
4489
3509
5947
1696
1450
708
3834
808
83
626
1502
4860
1750
1836
2154
4201
4741
5034
3029
5135
4763
3895
2201
2626
3173
5509
4044
3194
5580
1753
1856
157
959
4858
2409
1027
4786
57
4969
2337
4749
3695
5898
2301
2657
2343
1786
4922
3896
1381
175
4269
3191
889
4445
595
1309
3321
4522
1941
2664
640
1227
4330
4769
1345
3901
2892
5426
1128
5415
4684
66
693
387
1068
3997
5899
5968
831
3724
5121
5298
4200
1578
3587
2966
71
414
1815
5718
1465
1535
3028
5672
4109
2469
1568
3532
1312
4441
4893
5495
2768
1966
1491
4204
2498
503
3377
2598
1409
3352
3691
4217
3542
1342
3027
2753
1182
4378
3831
2479
3611
1410
3951
3150
3037
1020
2277
4599
2429
2368
4657
2389
4830
5626
2530
2234
88
5383
469
5567
3036
5217
4309
4112
3843
4811
2131
2767
5442
4815
2350
2934
611
2415
1885
1359
4015
4340
1167
1478
4225
4778
169
5041
4695
1303
5386
3916
4812
793
2665
1799
3910
4263
5443
4393
3100
5839
5306
4225
4889
5509
5157
3613
18
1723
1778
2416
3741
1171
4219
1747
4216
4990
1342
4257
5048
5268
5416
2540
5424
4214
3955
4649
2151
552
5023
2347
2971
3491
4258
4175
5034
2941
2589
4716
5621
2556
5024
2972
5524
2971
175
3641
2573
919
3582
4920
2922
1186
5345
3832
423
2766
4801
675
1554
508
1463
5466
2699
5431
5444
251
2912
44
2713
1276
2401
2626
4636
2493
245
2444
3016
2454
4039
315
2076
1233
2969
104
5425
1786
4146
427
3753
2268
4140
1914
3162
5113
1093
5557
273
94
3527
5924
729
2530
4205
2307
2519
296
2549
2852
3588
3979
5750
2348
2635
1240
4432
231
2497
2596
7
3659
2105
2486
2291
445
3135
487
5463
5522
1400
687
2171
2923
4926
4115
5585
5546
3027
663
3585
5129
5236
1294
2839
5773
2518
1792
5279
1922
682
863
3061
3677
87
5868
3820
4243
239
3760
5171
2032
832
3027
1453
2901
1808
2828
3421
4520
1654
4886
3203
1834
5010
878
4422
811
5646
2517
3927
1343
1208
3542
4840
537
3625
4493
2836
5058
295
1343
5307
5266
1492
1554
4297
2209
5841
5937
3966
5689
4371
759
268
1796
3659
1227
4667
5209
1446
3010
4596
3722
5833
3828
824
3290
4186
916
5276
3314
5991
4362
4225
311
5578
3937
343
3457
2581
2213
969
5709
4551
4237
2972
450
3274
3045
2877
2399
5826
3627
3613
3285
2747
1585
5433
3663
730
1007
4023
4926
662
652
5697
9
2533
5956
2217
5722
884
1211
2629
5232
2041
4886
5171
1596
856
374
17
1142
4038
2877
3488
2365
750
941
3564
3994
4504
2680
2727
1574
4190
2043
5047
3899
4540
2963
3916
3317
828
3155
1515
4616
998
4380
1245
3861
2414
3837
2807
356
991
2881
889
3784
3164
3332
5259
1593
2393
4223
1219
4204
4483
1055
1043
5997
5839
1272
3056
3893
2458
2700
314
883
1363
4871
1368
2370
5695
5703
1580
667
5872
2371
584
1309
1155
1263
736
1208
3704
2324
924
2604
1937
3311
133
5942
3337
1247
4021
1143
781
4914
3898
4291
2567
6
2422
4292
1965
2890
1897
2690
2643
552
4331
2113
472
5734
4843
4576
536
1849
189
134
1776
3710
4946
4051
4739
1425
5032
4449
1682
438
5885
959
4472
2292
4741
1149
4841
2444
5242
815
427
4234
5960
1385
4979
4020
5470
3603
2403
5445
607
4932
4725
3764
2515
4857
1059
4371
5552
541
3857
3447
1009
2206
666
3373
3640
4179
993
3694
5735
4091
2606
5374
5706
3542
3749
3561
5071
720
1954
1430
2046
2236
5830
954
2233
708
5777
5883
90
470
2892
4702
2957
2979
3225
3755
720
1607
380
1292
2610
4708
5710
2516
2326
5351
4058
4973
1109
3498
5299
4833
4586
2428
1402
4772
2376
5712
1141
2932
4402
1110
3605
5265
1200
3904
2417
2727
317
5993
2842
3465
340
663
4819
3338
2525
3315
4627
2882
2650
804
4774
2592
1171
4058
116
530
1578
4452
1380
1007
466
3448
2889
1501
1104
446
1316
4422
2934
1331
4656
1116
656
1834
4494
3924
3608
4063
2248
5060
1085
4258
282
3599
2335
1013
4094
3141
3788
1888
1150
1864
4614
1835
2999
2892
3773
3319
2234
2080
1999
206
5948
1320
2147
3659
1937
5336
5564
2192
2921
3515
2205
2319
5922
2207
3166
5290
5166
92
2351
4175
634
1046
182
2793
2501
4820
4834
1602
151
290
1829
168
3062
880
4310
4961
1452
4675
5075
4757
3576
1597
4966
3634
5658
2296
1913
792
5725
4483
4153
2143
5728
3823
5572
4902
1139
5354
1159
3116
503
3962
2041
2632
1686
2038
5256
5043
3897
4204
3839
492
1016
3593
599
5036
2080
2547
3134
206
2908
4042
1877
1667
2137
5686
440
5238
1307
5408
3823
2097
3516
1960
4255
5613
5555
2334
1949
3621
3039
2869
2895
1521
645
3662
1128
2135
3225
536
2823
4592
2220
953
209
2460
2086
375
496
1999
1598
19
3736
4488
382
1742
2975
5055
5338
985
5481
5745
598
5513
3167
39
1148
356
1023
4475
4558
4304
2014
772
2586
5230
5877
2564
1751
1796
3528
5181
1839
5949
2023
3021
5133
4406
1140
4902
687
2072
2797
2240
1054
3077
3995
2707
3786
170
1313
1730
5351
2021
3441
3294
4005
2964
1903
1151
1865
412
3305
3542
3457
300
3907
648
3490
147
906
2741
5216
2120
3788
2486
1508
5773
5717
5508
1236
3170
4777
1582
484
1798
5829
5817
2509
4729
5015
2169
2504
5988
3038
276
4767
5254
4783
755
5170
3347
5216
3640
5264
4572
2514
3232
4233
955
1786
4231
3247
2395
5915
4694
1634
1724
3059
1659
471
4089
4138
4760
1131
4737
237
5227
5081
3512
3719
2253
990
4963
338
3888
3953
1138
2317
1911
5283
2598
1585
1554
2943
785
4922
109
73
4343
4642
3044
2196
3124
284
1082
5209
457
2509
528
4335
3287
4150
722
3236
5533
3241
4283
2057
2028
742
497
5406
1148
2375
3872
2505
2584
1818
347
5815
128
5154
738
4869
675
58
3865
4679
5256
4679
3497
4628
1790
3576
1997
4447
864
4318
3410
3543
639
4052
4045
3602
4146
3638
1048
750
2411
4577
2625
4638
2163
713
4207
4132
3412
1852
2561
5475
5375
5603
2800
3349
3244
1868
3616
3572
379
5425
1642
4266
4407
2803
5176
2076
1110
3136
724
3037
5009
3116
2268
680
2055
4858
2465
1078
5369
3865
1035
5011
1757
3934
4167
1035
1252
697
358
2279
22
3476
371
2986
2936
4358
232
5360
1536
2131
3023
277
1128
5524
466
2260
3336
2121
1294
4386
5402
2539
4202
2513
4390
2630
2509
473
4635
4142
824
413
2778
4445
3016
1534
2745
5282
3744
3696
4627
3105
5542
3238
843
759
3883
2233
3468
1908
3699
5131
5402
1972
2876
3482
5273
3858
4596
306
1849
5758
725
3394
1308
2610
3498
2683
2508
4932
5514
4053
4377
3598
5758
2297
2997
965
1671
3631
4746
277
3005
2728
443
1693
1011
807
1569
5533
2260
4887
687
3438
1847
4869
2381
2148
1931
4232
3261
1201
5724
4536
2393
5645
754
1805
2213
579
486
4309
2187
965
1559
1573
2754
3997
2951
5614
1599
2692
1114
2975
2673
627
3367
939
1751
890
5916
849
5034
3438
371
3546
552
4469
335
798
940
5206
4593
991
5047
3951
2701
5721
1879
275
2116
4383
5197
2317
2633
570
87
2749
1864
1767
2278
5815
54
1324
662
5637
5275
4748
595
4013
1021
4285
3662
2153
4675
2393
4098
124
3928
4721
3926
3646
5059
1477
4774
1533
1651
2718
805
5800
3459
3802
2606
4568
4520
1124
5152
3269
329
5409
4675
3952
5127
3866
5253
3831
722
3045
3641
241
2471
5963
4821
3142
3840
4632
756
4577
2549
5129
3987
2558
3943
794
555
3219
1680
5094
3633
3551
3241
829
5794
4518
46
5974
4519
1194
2224
944
812
4606
5076
565
3330
3495
4981
5463
728
5887
369
576
721
1200
1423
2118
9
4333
3311
2035
2151
1627
5411
91
3000
1642
169
303
3096
3866
113
5561
2353
1606
4317
5381
3482
3379
3463
3059
4238
2216
4366
3745
3182
2665
109
4595
3096
3928
5965
186
3883
190
4792
5184
5194
4985
3565
1689
3326
4678
2368
2862
5775
808
4222
5115
2882
2042
4636
2630
870
253
3797
5935
3261
1666
2908
335
1533
1573
3207
5168
3900
5927
1679
2164
2813
5133
187
4496
5814
1775
5732
5559
5848
1504
3970
2375
4443
994
1714
1055
5291
3336
5315
3631
2393
4856
1923
3529
2077
3230
156
1754
1471
3199
4962
5847
5128
2058
2302
3749
1855
140
2816
5095
520
4237
88
1757
3696
534
1892
539
5859
2152
5876
565
612
4048
5771
3956
3210
2658
2420
2584
1619
3979
4088
2649
2542
4122
3246
2385
4692
3964
5199
5151
521
221
3111
4155
4769
167
5832
1544
1339
5616
1894
5318
3323
4397
5236
1081
2286
4345
540
5197
3720
232
3477
2540
149
3439
5215
5573
3287
5507
1847
1895
2953
726
45
392
937
1616
5187
3044
2825
876
1246
2002
2085
4770
5325
4144
4886
2166
99
347
3425
2
1431
289
2744
571
4007
1330
952
260
4256
1832
3770
5999
2366
2598
4353
4844
144
671
5158
3496
2373
2845
4986
1475
456
1379
4113
1071
687
1122
5408
1501
4469
2951
5294
5755
3648
366
3609
3858
2092
2566
2619
5414
4232
2086
2404
2728
5791
42
2022
5428
1189
5929
3628
4586
1303
1269
116
2629
3216
5880
5572
3135
2423
2269
1530
5414
3303
4598
1197
5777
3061
1301
1404
5807
226
5571
3242
4369
4974
1385
1280
645
5099
5980
313
4539
5322
708
4452
2379
251
980
642
2212
2993
5483
2991
1963
557
2989
5425
1193
4845
2244
2367
5888
4526
3821
4360
1731
4026
1746
3654
1831
4601
4927
4035
2443
1957
2990
93
2595
146
4817
5527
2082
659
5192
2815
742
2581
1279
3813
1986
1960
87
1800
2856
3613
424
14
1502
2347
2722
4352
4504
3326
4810
3610
4065
1449
549
7
3566
2897
2830
1048
28
2716
286
5229
5334
1007
3619
5150
2747
3933
1669
5870
4515
3128
1180
4829
1533
2977
4590
248
3424
466
1023
4755
1849
1582
4749
5293
2032
1273
247
5088
5130
5039
1772
140
3328
1195
679
496
4728
3571
1605
572
1657
4939
5095
938
269
1719
4473
590
4306
2582
3623
5562
1693
1530
3380
3752
2258
4325
3119
1475
3686
2580
741
5476
1356
1040
1502
338
2298
4095
1520
5853
4860
452
3098
2910
2487
3811
5024
313
2799
5657
783
2549
1416
2210
4446
1798
3815
2927
4238
404
453
131
2885
5077
4199
5618
5582
5229
218
4135
4291
212
1062
3770
702
1242
4431
471
1266
4446
5300
2806
4675
4028
1798
4191
4060
5145
2593
5703
2523
5371
5857
1116
5400
4730
3567
4021
4711
2868
4229
5795
96
4664
1366
571
1487
3645
1509
3205
3367
3344
1661
5791
1103
3647
1456
4856
3280
8
1559
437
2636
515
1612
4920
355
5946
4370
1972
3674
411
1760
4397
218
5504
2711
12
2663
1227
2704
416
3637
5387
2337
5178
3710
66
13
1754
3275
4710
742
4703
1310
3792
3159
5580
3052
2445
217
1541
5275
5536
5531
2957
1585
3263
5573
1598
937
1445
2194
2053
3304
1143
2799
3249
4178
2434
1211
289
5933
2616
4697
4964
5668
3057
3088
2425
2346
3130
2959
218
1010
1163
1141
4100
5856
5380
3594
447
492
4414
818
1831
2516
4688
1399
167
994
5910
1403
619
1235
5928
1608
2659
840
567
3288
4528
176
3149
5252
3806
4485
1977
1043
2141
3
4698
3392
4797
4840
764
5796
1519
1798
2866
2448
980
1658
2921
1432
2436
1727
2341
4982
1082
5555
4481
3260
5289
2092
5065
272
3343
5162
3011
3345
540
3646
5257
165
2295
2518
2605
1779
472
133
89
862
3974
4119
2308
2871
3255
1718
2817
2080
2144
2995
5961
2585
1522
1438
4103
2706
5774
493
2453
2357
4787
5521
1909
3334
2400
2756
5136
5917
5121
563
4510
949
5466
3620
5286
1171
5784
2195
3017
1626
2345
931
1202
3545
3684
2673
4643
857
4414
5899
2004
5979
3679
3732
2074
4452
2211
4973
471
499
2582
2900
2959
1582
4484
5012
3119
3902
2151
2933
2921