8963
6537
4093
9402
8306
6627
4078
9489
9907
5958
5353
7662
4423
884
2185
6755
5300
6645
7091
8367
6545
7827
9862
8103
1678
4851
5857
9270
5052
3166
336
5055
3595
6003
6384
4056
7485
492
8508
1308
8023
957
66
5841
3950
3760
8625
7740
9231
5310
8225
2337
9447
4324
8717
7362
448
2885
1514
1844
4709
6426
525
5082
1517
7337
242
6721
4619
3696
2128
7592
9790
6890
7035
7650
6079
8534
4172
486
2687
9406
7188
7941
174
3352
4093
1803
1151
3159
7276
7644
5952
469
4161
4532
5234
8666
421
7962
1389
7527
210
2713
9299
7217
6996
2982
4606
2948
5969
9792
1516
7629
9071
6716
7228
2597
3547
5535
1866
5301
4252
2009
3799
2096
5980
2727
5264
8326
406
228
7736
4310
6958
6637
6264
2230
4191
7521
1649
3980
9980
2567
9307
5482
5279
80
9328
4778
2016
805
8739
9656
3280
1072
605
511
3896
2756
609
8538
1199
6961
227
8541
9439
2834
9137
2478
2401
589
8736
7368
256
6854
2500
4772
5502
814
1922
1694
147
5334
3552
2223
5499
6295
9430
5290
9549
7635
5837
4451
7148
9342
8920
5637
4562
1255
8893
9406
3449
8161
1629
3557
6430
1709
7917
8989
6464
1239
9093
4025
9960
9549
5381
8868
275
8843
239
866
5481
2245
3329
9056
7079
4025
5123
6493
2726
8668
7944
7848
4640
2554
859
3012
4375
640
4056
424
6862
3147
3997
5130
1500
5534
833
7965
4018
4336
8425
9687
3493
2753
5917
1567
8057
2842
3751
9403
6431
9561
6751
5544
1899
1890
995
9638
3166
3067
7147
2822
6966
2905
9149
5259
3932
2253
2590
434
9970
187
7682
4872
1464
5476
536
7599
7718
6394
8119
5104
5651
2984
844
7110
7715
2506
5729
3900
9572
5513
3213
1898
3448
155
6766
5328
993
6470
6617
1925
2857
5588
4922
2597
6989
9864
9452
3849
8126
6250
2932
9244
7296
9355
9962
4231
9170
2649
7753
9150
6985
3078
5766
9974
1139
5251
3570
3717
8010
1812
6674
7231
495
7549
7492
9574
9986
4541
5594
4010
9516
6352
4597
2958
267
1852
2952
8213
7468
6477
8065
3812
4510
9927
2813
515
4019
5354
8343
6017
5364
1179
6402
4517
8120
1228
8862
9506
3520
4080
6243
5698
4448
9342
7616
4553
5158
6582
4532
985
5139
1138
3258
1382
3292
3358
4509
7013
2437
1145
7152
7503
3655
1017
5869
5390
5562
94
658
3742
2183
8481
9201
7490
9216
879
9434
7910
823
9026
4445
3347
4819
7173
7863
2927
4745
7769
5948
9034
1127
2473
9739
300
6733
3374
8907
5435
5168
7558
8599
9494
6245
7338
5614
6516
1730
7654
36
3369
7191
1320
5649
8172
7234
9596
7805
8854
2023
1281
1265
3420
1771
4799
7840
6824
8645
6552
5669
4736
944
7042
6006
6297
1228
9324
2754
3828
3607
4605
7828
6023
6657
441
7117
2473
8039
4547
8010
9601
7802
5996
753
7330
1572
1811
9469
9060
8713
6869
9898
6748
839
8942
3623
4085
824
7537
7528
8527
7646
5526
3623
8506
626
5044
5672
7760
8541
8185
6425
8961
3969
4199
5683
3199
7761
3030
1319
9944
2331
9862
4820
940
5418
700
7926
8968
457
7655
4947
7620
3287
7505
9884
3004
1203
8555
5882
7047
1658
8188
533
8848
5728
9471
1353
6690
1242
9116
4853
6477
4821
3004
1933
8620
1747
9995
6192
3009
9698
3012
718
5497
3637
9763
1620
2480
2006
1670
9061
6396
5826
4074
4456
7794
6659
5864
7918
292
5571
3992
2485
2104
2978
6759
343
3242
3217
5282
7380
7991
491
5493
8563
824
4046
4835
9350
6047
9100
3433
9094
1047
7299
3132
1314
6101
5836
5734
3435
6005
7197
5424
8087
697
7230
3918
58
7564
2585
4363
8932
6049
2529
2988
805
2611
9883
7810
4050
8733
1237
4701
2803
5466
812
3926
8605
1087
33
1693
8192
8109
7394
6709
7080
1797
8934
528
8910
3152
6558
4975
722
2788
3229
8734
9465
8713
9196
522
4514
3739
8200
8515
237
4612
6905
5101
1525
9457
3906
5155
3456
8861
56
8137
7534
4586
5018
1498
4021
8499
1503
9257
4673
292
5621
300
1740
9181
2442
298
3830
1083
98
1611
8957
748
5780
798
4356
7864
4855
6277
7154
1877
3083
8385
9208
9115
9232
6667
389
5454
4297
3577
9192
9579
3894
3899
5655
3773
7521
9803
8285
6530
8739
4926
8372
4578
7869
3246
7881
8228
2232
5814
3774
8866
7524
7697
1584
4582
8871
1527
4116
9070
9388
4318
7876
3003
1212
9453
8034
5537
4504
3865
1668
3895
4158
7928
4277
6013
2311
4255
6781
5346
9585
5383
4296
3242
9525
3103
1447
346
3271
2636
256
3134
4981
8774
2466
3118
7470
825
5749
6981
2203
3457
2333
5747
7398
7073
4913
6811
9299
6958
3493
9490
7421
9145
2263
1449
3004
6039
3235
9747
689
5343
3959
7009
3598
3006
542
6041
5816
242
4525
866
2399
3104
1454
1789
6034
1749
5534
3671
4350
7364
4840
7638
1970
4454
3392
4457
1222
3114
8199
8464
353
3151
403
9225
117
9875
2161
3574
9858
6977
3235
2079
4639
7406
2733
9167
2817
8466
5087
3618
7646
1806
4540
4756
5528
4642
5309
570
4856
3665
5311
2328
6974
1461
409
4554
5394
2265
717
5544
4531
3120
7763
4455
2978
3167
5928
3521
7401
5098
35
6806
1340
2554
3196
7734
7909
4700
6617
5646
6558
4336
9381
9550
975
6433
5080
9218
5070
131
1285
5537
3895
9707
2137
3222
7344
9018
3945
2979
9615
6170
439
3576
3560
8047
5641
2827
5203
9968
9846
5281
9992
5272
837
2757
2036
6217
981
9753
9879
4652
3459
5122
7612
5802
7579
5460
8034
5515
80
3574
587
3875
1743
3840
859
8492
4421
5797
9439
5272
4294
3748
9405
7779
1937
9163
7416
7358
9115
705
6740
8618
274
2079
1412
4907
374
3182
4971
6641
567
4223
2310
2160
7287
3299
8755
5117
5952
3040
3104
5960
3329
6857
2739
8024
5244
5618
9082
5736
1641
3806
2150
3845
654
669
3480
1156
56
3505
9810
8191
1124
2148
1522
4881
715
8792
280
8582
1987
9915
5133
3190
7975
5193
7407
8905
66
9118
8812
8783
5156
5924
3727
6207
1324
6379
2368
3389
7114
9432
7166
4046
14
9343
4213
9926
7361
4917
2992
2564
3989
221
5907
6740
7959
4316
6204
2965
6418
2171
5169
3150
8063
3427
3642
7876
8665
7969
8338
7894
8370
7482
9541
4083
3713
1234
2138
2769
9494
6203
6062
9862
1045
5632
4055
9337
3261
3129
7564
9058
158
5351
8230
4443
7125
3732
7048
9378
4681
9693
3645
5637
1546
1936
8587
1688
8507
5758
7671
1381
1339
1890
170
8298
1132
1472
311
2263
2064
8602
3833
9542
2251
4190
7548
8856
5256
4637
932
2961
1754
1335
9240
5995
336
1958
1745
4102
956
2866
8006
3124
6177
4084
3867
8521
2710
1287
2939
7872
7779
6839
2227
1762
7053
5807
3808
4416
966
8819
3129
7510
6337
9468
8084
8972
1425
3604
9789
3478
9551
3801
9809
8540
8155
7731
8804
8251
5157
6136
637
9971
1710
3572
8906
3426
794
8549
8502
7753
6822
7468
368
7556
7587
2786
8775
5974
7455
282
6288
8123
3314
6313
9040
5888
3863
7943
531
5964
8737
5105
35
2901
4957
3894
797
4289
1211
6841
2900
2088
355
744
3440
1960
7404
7676
4818
7054
6517
589
2057
841
4539
3409
8404
5622
6345
1992
2207
4324
7389
8772
1161
2553
8275
3966
6790
7290
3777
5506
7464
8348
6754
2014
5046
2133
2622
4425
1027
3867
7046
245
55
1455
2038
1324
7850
8077
2335
8587
9660
1670
9527
5970
8560
4115
6942
3321
8867
1844
652
1765
5548
5861
686
9776
9954
2227
5954
3484
7979
1458
6061
1935
6728
7781
1213
2304
1883
6641
8385
4545
2177
297
6395
3102
1764
1565
7194
7072
8540
9654
8865
1269
3868
8384
926
9575
17
88
7093
8494
6413
3075
652
8539
6647
8094
7778
6684
9914
3709
9020
6479
5559
4974
8402
8428
4806
1272
1323
2871
827
4583
3470
7192
7383
5448
1329
4428
2295
9929
7443
7979
466
7043
3267
6855
623
6313
8913
7033
4348
832
651
4558
5517
6941
1798
6424
571
4479
3874
5836
870
3038
347
9591
9092
8603
4679
5818
9162
3671
9685
728
1229
6052
1901
5256
1647
1359
1714
5444
4095
2590
2647
3056
6708
4165
2060
4754
9253
2615
2267
1460
3687
5628
3867
8192
11
1445
257
9442
5501
8824
1522
3126
5987
3515
1303
7741
2787
1608
6959
9095
154
2665
4493
519
6920
2790
153
4721
2387
998
2259
9343
8019
9856
2821
6647
3328
7002
2404
9679
77
5809
7823
224
249
8116
6393
402
5020
3028
512
3315
1704
4335
393
1896
8317
9694
9608
453
7097
4268
247
9588
107
9639
3689
1300
5911
2393
2162
7899
2731
4689
2182
5951
6580
5632
817
2282
3289
1030
8525
750
4406
286
4920
1745
7229
8
2335
8750
9390
5602
2020
6604
6408
6812
7350
572
5103
3102
4235
5644
197
3788
1904
1944
3193
408
7264
3307
4825
6001
2330
7938
2972
1271
5584
2034
2397
6019
7113
9307
1545
6178
2456
8723
9792
3238
1956
7872
2870
1153
5248
6540
5872
3829
7227
7310
9466
2648
4914
7741
6927
342
8656
1770
6496
6583
2939
1136
4104
5208
8690
7267
8277
4727
4565
6918
4651
526
1982
9125
5258
9707
7052
5453
5296
5355
6552
2603
3294
7310
2931
1572
4508
3607
2138
6747
6754
2736
437
4734
3626
6416
9503
9580
2294
1791
3317
6020
8959
6100
5567
2790
8512
147
5731
863
1151
1857
8027
6330
5574
162
6707
7740
4518
5093
7219
6775
3820
1650
8952
9062
1454
2369
1095
3662
7424
6052
4582
718
7285
1810
7100
3875
9628
4515
9568
8691
5769
7692
7273
3250
3956
2508
968
8161
7625
3941
8502
1719
3760
5720
9707
8072
5164
1145
8800
7896
2339
4517
4869
3287
6867
1699
7706
6311
1811
9601
2631
9896
8194
2861
6260
3761
9668
7997
5001
4560
1488
4258
6294
7761
5603
2664
9229
2058
6133
125
4614
2689
2795
9707
780
7907
7339
5408
7645
163
7200
632
7251
6166
5195
4129
6003
3501
1019
3119
6807
4665
9453
9806
5364
1567
9312
9465
4881
2881
7576
2167
2865
9754
3807
8428
4463
344
7209
6253
8466
4501
4104
2661
5192
3963
6944
7042
7255
3875
9562
4102
6908
338
8941
5950
1930
7424
146
6148
2971
5939
2258
6335
3732
2486
3972
1873
9471
588
5553
9734
3567
4134
2742
4647
9393
2281
897
5915
4177
8145
4006
8524
4885
3995
9931
5956
3797
1229
8939
1481
7609
2597
4946
4377
5311
4033
6010
6287
3927
3809
9960
5345
6486
4137
9888
1809
889
1159
7514
6150
296
7207
7147
8538
9414
8448
9267
7662
6059
8817
3889
1569
2552
6040
738
2793
9355
7807
178
4412
1225
1491
8360
6907
3126
9254
3142
3782
4414
7680
4030
8545
5239
5863
599
3803
5969
1043
8177
9640
9265
5680
9184
5234
1891
667
4770
3788
1332
6114
8789
3893
668
2068
1240
4692
3698
5364
8969
6992
641
4038
2047
6734
8593
8047
1442
1602
9981
5503
5517
7036
6139
7554
2761
1234
1521
432
7150
3843
8886
2866
3469
2265
4192
4361
1404
2182
9917
3508
8374
9206
7785
7092
6896
6459
1909
7396
7345
2032
5306
4753
9337
3237
3296
2321
9827
3966
4310
4027
8773
4354
4518
9853
2254
3912
7184
3027
5469
7312
7900
4048
6292
2352
1949
6755
6938
8836
8655
8084
9530
571
1083
9518
6702
7436
1132
7187
4091
536
5508
360
6067
2560
6147
7703
8245
3821
6781
131
6984
1404
9523
4159
5666
1261
8286
8627
8793
8505
1377
4784
4504
7353
786
559
369
2408
4448
6720
4823
4810
5912
2322
7627
9162
6548
2588
1450
1094
9095
3290
6526
9280
7854
1324
2660
2841
9947
9306
1541
116
2328
7605
4153
9906
8474
3668
772
3754
5946
9854
6107
7940
7407
7281
8413
2144
5200
4829
2681
9019
9859
6256
3167
3066
7232
4994
9798
1331
5444
9094
8696
8793
6648
427
6413
1925
3445
3135
1580
5839
1679
3888
6061
6196
7011
9800
2581
1425
4907
4050
6745
4888
2750
6632
6581
1577
6789
8121
7761
5729
3862
3170
3598
3834
4465
4496
3964
2014
2185
2477
773
6729
6443
6535
5666
9806
6785
2271
930
3806
3036
1420
1966
3339
8505
2446
4185
1809
2671
8109
6341
3032
5050
1213
2143
7285
4453
2345
1908
5141
8939
1911
8697
1527
6154
5139
3745
7973
1209
8717
2151
2373
5808
2929
1644
7927
4880
8362
8061
5691
5924
2511
6218
5176
2308
7999
843
4798
8720
5760
3031
6062
5191
8608
5637
3874
4955
78
140
3883
5773
2090
193
2929
5941
5076
7326
7461
6798
8483
8907
8756
809
3154
6335
9007
5004
1687
4921
8770
8213
2569
9328
1795
4634
1111
9797
2762
5503
363
3537
7254
7270
7218
8871
2720
1184
7541
2004
494
3297
4102
2674
5637
3326
3501
2040
4416
8542
8
6156
6955
6303
148
43
7237
1648
3616
866
2543
7415
4415
1825
1805
4634
6116
9231
8652
1663
8216
4575
232
7016
9347
7274
6343
5619
8435
6028
9869
9123
2378
4365
4216
6904
2665
5423
2234
8609
5512
4291
857
5030
3629
4620
912
7495
3162
29
3389
5740
3648
7349
5345
3750
2878
7508
6262
4698
9005
2860
9604
6922
4771
9079
8094
3663
1088
5262
262
3246
4478
9401
4243
6526
3272
557
5904
5551
9468
6590
1476
5817
4650
9904
2724
347
1263
9411
738
4814
3444
2846
2138
9870
1489
1091
7147
509
3243
8070
5105
8959
7415
5549
9094
621
6291
220
580
9955
2985
9089
6470
3569
3230
1272
8094
4759
8435
4196
8068
4775
4650
5880
7742
5629
6926
7210
2718
771
5642
8444
4323
7904
10
5688
2649
9358
7832
4565
6449
9029
3524
1194
2523
8481
238
1814
228
2400
4376
1907
1285
7071
615
3468
9249
2358
5528
4941
5855
4805
3543
2052
7481
1748
9605
489
4583
5952
7068
7284
5953
137
5473
8074
9672
2538
1240
2136
9230
5224
984
1396
9003
8602
8453
2979
7037
541
1551
2774
3280
4907
5866
5571
3432
7845
6322
9115
967
3299
7841
9570
2369
8477
8244
2480
6301
4301
4685
9354
4897
3995
7120
3013
233
4442
2152
4951
2593
2510
1740
216
6603
7702
5269
3207
9468
1711
4953
7098
1028
1415
8110
3383
4187
4391
3129
9084
2135
748
8110
2100
6289
9369
668
2518
3335
9767
3826
4348
7817
1494
6573
6423
9499
1612
1179
5424
8339
8622
5033
6912
958
7255
5908
4368
8981
7222
6328
2673
7231
3929
9994
7302
2486
6695
3598
3440
3683
388
8762
2665
8060
3790
1911
8199
9791
9031
183
7810
6098
142
2559
7955
4070
7387
454
5763
8279
9850
9747
2538
6471
9244
3025
4516
5538
8084
2434
1086
1363
5549
3550
5190
30
2689
162
9454
9652
4373
5719
8084
6172
7664
818
4337
8778
514
7385
1261
2984
9186
94
8580
8136
5524
6326
217
7930
4580
3014
1065
6488
7580
6092
7656
1931
3547
3396
7535
1
9989
3385
795
9631
5579
1676
7945
7722
6082
5397
8887
3797
1215
6600
4721
3380
34
3455
3652
5533
7607
5754
3105
1739
2810
4053
2368
6814
932
7309
194
1227
2882
5043
2543
3697
222
4542
2012
1048
6891
1608
418
891
7664
7152
1310
1841
5577
5539
6473
5791
9578
1230
5325
834
7795
5814
6566
4805
9
3152
7388
4630
8063
2725
4709
2659
9293
5789
5050
6087
721
6224
9235
475
7996
2966
2901
7368
7073
342
5639
8280
8064
5968
38
3549
2569
9328
2058
4126
8326
9436
4563
7844
9091
7667
1651
5035
1570
1101
3067
5885
4571
1948
4713
9681
1391
1381
7357
7633
15
5248
3541
2259
8401
8867
3484
8516
6023
1628
6187
7532
4305
1774
6463
1097
9149
6411
3644
5606
952
4834
384
7433
2765
288
4012
4025
4917
864
1888
1652
7374
8693
4275
5970
2896
5480
8739
194
9525
6607
4350
7416
2031
9849
7973
442
3840
3794
641
7394
151
5810
1263
8940
6706
7687
8032
1641
7989
973
2560
6759
8051
628
5241
5563
6377
5381
1540
7199
3570
1590
7162
4020
4603
8434
7627
7156
7505
938
754
1421
9860
1084
5601
6541
1722
3346
3382
4396
969
2322
4318
3995
7312
3903
4366
5103
5030
5693
6280
9808
6788
3837
6812
4766
181
8611
820
1790
2181
3183
1921
6136
2686
8214
457
491
8385
2799
5681
16
1179
3728
3391
4289
2673
113
5494
3915
1035
2340
9296
740
1457
4328
9653
23
9324
9303
1769
6606
5089
6441
1811
5544
1573
5449
6154
9435
5091
382
7129
4491
5559
2374
5156
6468
8815
2488
1818
7905
5451
3109
1085
2583
2095
2021
1216
2677
3476
1432
1901
6115
7957
567
9806
6104
4876
2314
7078
8480
2358
3832
7711
7650
6717
6559
6935
6103
7017
2734
9551
1594
1547
5714
6361
5686
342
9327
9159
9833
5037
8993
7067
4201
6347
777
7415
9708
6486
7271
5995
6697
7403
2984
2748
8705
9579
9291
1613
9861
4628
6932
1275
182
8760
7475
5293
5196
9674
8108
4323
6345
2917
6970
3488
9401
5566
5304
4996
3087
7222
4815
2831
8070
5604
6192
7755
8933
3602
3418
5229
7128
6511
7854
994
3858
198
8698
8889
825
495
5484
5577
5554
7434
6536
6101
1058
9327
1271
3042
9295
5918
2781
3818
7305
4353
4451
6090
3519
1014
8355
4070
6958
9315
5949
3680
7251
9473
6409
1488
6213
2418
5774
7119
3454
4518
3980
9360
948
2337
9016
1327
1187
5638
5606
2826
3105
2363
8423
5430
5133
9264
3637
5677
8023
7993
8678
8586
2753
8193
1239
9024
7702
2685
7299
5852
4890
8123
3848
9112
6262
9411
457
2865
3890
2153
5596
5971
4086
2283
1963
8898
3772
2785
4303
3262
2852
5922
2705
7765
3771
8078
3681
3990
8909
9932
4268
2457
8906
5157
2736
1182
4770
276
4500
935
7709
2287
463
6000
4345
3335
1624
2232
6546
4308
9704
9071
3273
9746
3018
3675
267
4973
6876
1851
628
5440
2051
3462
7473
695
4970
8856
6266
8677
1731
5284
9359
725
142
6363
7008
5529
8105
2555
957
7528
1240
6886
7914
2503
512
699
9652
9848
7767
3224
1926
6573
7795
2023
5391
9814
3579
9870
277
9089
7799
4225
3677
7985
166
718
1310
1187
589
1571
1041
6341
7723
2761
2559
7681
7338
6422
5619
8696
6244
506
3556
2894
7659
4668
375
3894
3942
4568
8115
683
3377
6790
8556
5124
1043
4925
2299
611
9147
6271
5218
4009
9456
7231
8993
5377
3641
178
3156
4758
1021
1139
3884
3979
1463
5420
8923
2904
1401
8046
8869
5166
5608
9388
8755
8614
6900
8063
6815
8304
7878
3760
6444
1644
6977
4825
4039
1594
6041
987
170
153
7595
2611
9738
9274
7574
1408
1460
8936
1728
7419
9564
4940
8834
8905
3786
3534
6454
8571
6129
6762
1464
8123
6053
806
9173
9930
1787
2656
1221
4217
8783
7243
7224
2450
9999
2732
6541
4380
4994
4624
9074
7588
2615
4945
3097
5569
4338
4463
1620
6154
9393
9579
3123
5124
6089
7045
6757
8759
8689
8398
2766
1962
5706
182
7016
5637
9281
3834
3820
954
4951
1409
354
5432
6939
9572
4466
4564
1410
6442
5973
8183
2964
5005
8976
4968
1768
6665
2416
760
400
1465
5479
481
7128
5787
3178
4158
1827
7890
8762
7516
4566
7752
8823
992
3796
6108
9504
2146
4351
2030
7446
2696
2660
9814
4089
6998
4930
4732
9765
7731
2373
4731
7091
9961
1020
6757
2744
1689
8867
8894
8180
1911
9479
5243
8846
2294
3857
2792
8310
8828
4030
3499
3775
4568
16
7376
9499
9338
7333
4515
8839
9268
6514
937
3936
1976
6796
6974
3180
4444
8230
9008
153
2961
7403
2163
7801
1309
5298
2749
3909
2074
2197
9858
5483
2024
9262
5857
5711
5683
4014
8351
34
2810
2748
5051
4573
930
9631
9324
4943
3741
897
2623
6365
3957
9957
5526
2620
1098
197
8160
3950
9292
8507
1619
846
9101
1234
6747
9711
2129
803
3522
2853
8582
2602
4006
257
8652
2146
5270
719
2548
1007
2389
5893
3211
7929
4011
5414
4218
2470
1773
766
7782
1825
5383
5812
3845
8052
2922
740
9033
5662
1134
6865
7426
9763
4638
1192
6528
3510
5593
4292
1524
3713
1877
2982
4436
8763
4998
4492
153
9658
7475
2920
206
9671
8725
722
2041
9311
6013
6795
7821
3275
9037
6624
4472
9485
2961
9264
8849
6848
9622
755
8293
4286
2960
2433
4805
7800
3424
5015
3211
2641
6044
1854
1182
4982
3891
4535
3558
77
3077
2220
5957
693
7046
9101
3926
9580
106
6270
9147
9179
78
7076
7582
4207
3091
5408
7895
8604
2736
924
5505
2044
5359
5393
6894
2424
5224
884
4930
349
9980
3522
912
1571
9623
3032
6500
220
8356
2881
1105
755
6323
5743
1465
297
8344
9118
7885
7060
4373
2272
6099
3116
2072
21
638
322
5882
7342
3418
7331
7833
4057
4379
3910
6271
2975
34
309
6537
5614
6339
1163
7984
2262
542
689
2792
8848
7896
1033
7712
1191
7252
4112
6032
4275
6917
1392
7182
7678
3717
247
7491
3757
4280
1251
861
6502
8344
4569
3813
6082
187
2368
628
2277
8278
1070
8343
1623
2557
4121
3792
2454
4943
2327
5878
3561
2404
1002
8399
9026
6007
3454
302
1404
1311
4808
9892
5512
2407
9211
7755
896
4745
7156
225
9964
7620
7389
8406
3486
4254
6160
5255
1645
1107
2645
8282
5595
9957
5496
8602
1415
5458
8584
8754
202
4315
9023
9988
6378
948
6550
2794
1772
6563
2758
4304
5550
492
9549
5032
2785
5247
3564
4326
7187
116
5820
1689
1125
2840
5806
1014
8650
1676
6241
183
2051
3802
8727
8253
3352
5615
3811
24
3745
7757
8731
9033
4639
2116
2502
2846
7099
2506
4744
4177
3504
8850
5680
2385
7041
7463
6557
5409
3633
7606
5879
7831
9950
2702
5238
448
5855
9460
9535
1671
2859
595
5039
913
5468
5010
9178
2280
6318
9313
4540
1254
3118
8607
1886
4908
7987
7792
6165
1864
8416
5199
8413
2666
7154
7746
186
6871
7962
2762
9845
7480
5935
5106
3968
2347
7039
8312
2161
7501
9468
5896
4276
7800
5818
9907
4899
2434
8501
978
4623
3027
899
4890
8031
4255
124
9973
1002
2071
3259
9414
3791
8601
7454
7224
2878
5813
6391
6578
874
6452
1871
8314
1002
7191
8609
5441
7388
8178
3079
9512
5067
2244
8287
471
0
3570
5042
477
7831
6173
7598
4826
9356
7560
7906
6205
6916
6698
9641
5072
4207
552
8273
7332
5445
8512
1312
4364
2686
5450
7359
8212
9018
1023
2766
4453
9954
7614
5590
8802
262
9827
9922
8603
201
257
103
2635
3558
7530
8114
7023
4302
2816
6539
714
7285
7518
1078
8591
3281
9465
5611
6639
5994
1122
1909
1006
1566
6152
1676
9910
5540
2142
4023
6862
145
5627
5328
6697
1860
8696
1305
9770
1232
6347
7194
9804
1250
763
79
1729
6997
9798
7088
2087
242
7573
105
983
3497
1055
5951
9392
6333
9085
2597
4677
3155
3877
7316
4496
3510
8318
4700
6027
700
3750
6784
1970
963
3959
8609
9644
7707
8426
2567
6038
4558
8649
8467
961
9929
9338
3619
2262
1504
3628
1804
4472
7605
5814
8056
8488
2448
1997
2264
7983
5732
2918
3413
8508
7009
3648
4803
6407
1743
8990
6038
6851
5095
8494
5475
6976
6655
107
1040
8181
9022
3675
5870
6446
1222
997
7626
3814
5730
4274
9676
2310
1676
9688
1398
9795
9476
3235
7636
5094
4651
2903
5840
4835
1404
7782
9808
7192
1561
7747
4297
177
8392
1039
3108
3549
3133
840
301
3210
8871
424
5984
754
2164
845
93
6558
9771
4685
471
7473
7851
1112
4315
3364
324
7804
2005
347
3855
8433
1715
4014
8060
2188
2678
3315
4842
1981
1471
8720
6771
4526
1422
6273
7153
1640
4154
6982
8304
6505
6102
5869
1452
2303
5241
2698
3448
5004
113
348
6126
5447
796
3912
1466
4696
6352
8567
4898
4500
8412
6437
8345
5443
8305
740
1224
5494
2243
5806
8876
1403
2599
4672
902
8249
4299
9220
6260
8070
8413
4582
6292
5901
4109
7463
7564
446
1672
7092
6088
7368
3242
128
5608
3037
2532
5487
9645
7427
3997
7271
2781
4947
7967
8955
6418
2920
6391
7781
1594
6115
8261
1143
4870
3727
9999
7422
9761
3757
5007
3386
4691
8871
4710
4542
5144
3660
5939
4165
4754
2484
521
1518
4023
336
5442
4572
8265
1453
3181
9059
8978
8643
121
9707
2288
2409
8747
8046
6518
4703
1336
1322
7950
7703
9779
6232
7729
5383
5480
5988
6419
2115
1841
1674
8531
8267
765
9244
8037
9719
8436
1502
5047
1473
3772
6927
111
8383
4147
8872
8339
10000
7155
934
7602
5657
6213
8494
5257
6265
7712
2832
6893
4547
2899
3831
156
4492
9085
9867
191
5755
6136
834
9836
6345
361
1898
5886
8622
7147
2659
4124
253
4523
180
3736
2169
6736
3938
5659
2032
4204
175
9679
1559
4537
3106
7601
9763
1309
5826
3424
9856
8028
1330
7135
669
3308
7482
3506
891
596
5584
6005
7338
6638
3793
9158
4843
5216
9687
472
499
170
4112
8302
9293
2145
9564
6718
8775
2406
9565
9745
4273
3097
7054
8714
2125
7040
9147
4370
5147
9830
7963
3021
5831
2715
8129
6305
6587
4382
7670
7326
8519
4449
2401
9673
7441
5192
2582
7064
8954
4766
3943
846
9211
2393
7369
9994
7932
5845
6240
6369
1203
265
1446
3460
5866
7426
7841
9398
8062
6037
7377
349
8725
7117
4661
923
2886
5261
3187
5322
7494
3114
775
8076
3843
1045
3968
864
5964
3668
1190
356
2832
8142
4169
7296
3845
1232
4522
5940
6557
6165
9705
7942
2269
3902
307
5742
6744
6167
990
7413
1882
1265
3416
1025
4778
4189
3327
3696
4721
5730
7006
8817
2763
9692
9554
4118
9453
4834
2794
8582
7331
3961
2078
1442
8889
4351
1100
1854
4532
16
8522
5210
4916
6390
8233
6891
5532
5243
727
8296
4936
9532
2720
3291
260
8548
2870
4870
5354
1532
4525
8903
1770
3003
2350
4115
6660
3879
4032
5307
5624
3486
105
5352
3858
7184
9927
8901
4012
9229
8196
315
4865
9829
8881
3697
4764
2943
8371
6708
1776
4805
9230
3116
3045
2238
6766
9535
6080
8480
6100
560
292
9585
3416
320
9608
5335
3717
4407
6192
1431
408
6203
5535
6502
3845
684
8571
4845
6852
4246
143
6436
7303
1819
5879
1691
1869
7809
9453
6095
9865
3278
6727
7199
3050
6894
6198
8242
9314
1215
9936
8961
3434
2424
5246
1557
4052
5902
5887
6058
9435
6340
3826
8914
4295
6001
3869
1740
7374
1217
5882
6170
9104
1105
353
6738
1141
6323
8530
3276
4209
1097
1316
7899
2118
2550
1908
9112
7600
3978
6187
5460
6169
4301
322
4396
2507
163
7474
9896
2188
1561
1852
9454
3712
5816
9472
4208
4932
9455
857
514
9045
3171
5707
6852
4924
2791
6917
2412
1605
1181
6529
6881
4454
3195
7992
1333
575
5931
2874
9709
7088
3581
3660
4112
7158
6855
8766
8019
6845
6992
8546
4609
9883
2513
3902
2256
8665
8985
201
735
7794
5113
9882
1793
977
8412
7986
5431
5593
4188
2958
2264
2523
7883
4236
264
9514
6711
2298
3661
1218
4574
7635
5776
7465
8996
343
5625
123
7118
8924
4990
5469
4787
8309
1601
982
2873
4385
4828
4908
8208
6545
59
8192
4051
8545
593
3002
866
2352
2378
9809
6910
1664
1673
2296
4514
3927
3303
5869
1109
4269
3570
3751
9708
8736
3458
7190
5294
4959
5743
333
3511
8910
7690
3801
7536
1018
9353
3338
1983
6621
4866
604
8000
895
6780
2271
9636
4263
1772
9058
6632
7875
9535
5074
1787
5901
5117
6178
9041
7466
372
400
7158
7073
1261
330
8123
7535
4144
9178
9448
3344
5185
8602
8887
4953
6330
7035
4511
4158
6949
6078
9185
5422
3343
4707
5320
5871
4988
8562
653
7507
3167
7915
6328
8201
707
8897
8898
1432
4125
3315
212
3215
9332
4422
8262
1719
3256
3391
8563
4940
2
196
1259
2053
7032
5158
4614
6200
5901
110
1141
2990
691
2631
1484
6140
8475
7919
2439
9745
1225
6839
3955
2813
8333
9502
6176
821
6672
4759
8397
6725
977
479
2357
7340
1099
9787
8918
5473
8611
5439
9786
4038
7564
156
8766
8563
2727
2745
7085
3542
4979
682
5536
8423
5709
786
3219
2479
7428
4051
6219
2227
7794
6569
6544
7445
6458
5021
8892
5681
7919
8112
9710
8331
3405
8260
1631
7342
8959
9661
194
6043
6709
6819
8247
1042
517
6707
4003
6481
3118
4398
3971
9060
1216
1935
7926
2177
9026
236
7758
5421
4529
4730
2051
4292
5237
5893
3985
545
2413
4196
673
7416
4581
8627
3689
6426
4640
7252
3841
6186
6598
401
9322
3397
5826
207
3133
4388
371
1832
4910
8856
8648
9938
8760
6502
4552
2886
468
142
2698
8406
9446
6869
4060
5139
1409
1296
9201
9220
7309
7773
1180
7926
1918
8708
3180
6000
9259
8381
4505
3915
690
3002
8815
3174
9913
5778
6934
4558
802
7260
113
8031
8118
1241
2111
2426
8303
3020
4293
9823
8341
4605
8569
2359
6481
7620
7703
2092
2195
4183
4754
7704
5117
2833
280
9214
5372
7283
1444
6522
4428
9997
9704
1848
9395
3243
8197
8177
7564
162
741
5100
513
7974
9382
1093
1607
9486
8424
784
3068
9404
4776
8292
3301
1422
7698
8730
7970
2288
7825
8591
9920
6476
8126
9447
1889
451
5720
6238
8603
8403
781
7200
3309
7091
6248
3114
9673
9926
4804
866
6617
4951
8365
3207
7730
1246
5637
8459
156
2768
9691
3623
2417
3617
8785
3298
2123
9505
10000
7196
9168
6618
6947
7844
6586
9218
8282
6789
561
5620
292
315
6991
7126
4849
2431
3674
2402
461
8804
5369
6969
1729
6563
812
2420
4564
7449
2093
2858
2318
3832
7385
2706
1857
8450
3785
7384
3299
3291
9146
2259
7084
30
8205
2146
7854
9773
5124
5414
4932
1399
6209
424
6444
4453
7846
6766
4973
7901
2177
5887
4105
7047
4673
7327
4486
5765
5080
7841
7083
972
7951
8212
6432
8782
6441
6906
3247
3597
2070
8838
4298
9162
3912
9275
6961
1930
4132
5123
6485
8854
1967
6518
5163
9275
6719
1647
4237
1905
2354
2463
9540
6706
937
9332
5057
1817
6167
1495
5271
3573
9327
6845
8823
3952
2136
4392
7589
5239
2251
8801
4930
1607
2844
4351
667
1322
6992
949
6570
4071
1390
7767
6770
6161
4978
2985
30
6224
775
2265
3087
1700
6436
2178
2277
9167
6911
4170
5778
173
8847
8084
433
7684
4556
2139
9320
6509
53
8944
7069
2294
962
6194
4112
8681
4825
7653
1906
5924
1270
3022
9691
12
27
3957
4800
7803
5141
8347
2264
5597
2817
1765
7869
9289
8568
8115
2774
6793
9459
877
5578
4435
9471
9406
5266
4470
7101
2025
3800
1041
3306
8855
5718
404
8749
3526
166
8463
3970
8999
4802
6764
2410
5946
6802
8103
9594
9147
8851
9978
1770
1288
7911
2639
6013
9780
3269
2666
4011
9399
7822
9285
1459
4286
2480
9177
5743
6291
9340
7470
2603
3390
7952
4386
8952
854
9737
1212
9765
61
5876
7948
6705
9222
7251
6565
5738
5026
9326
5345
4925
4785
631
6705
3847
4142
3144
2835
7523
3162
8850
5557
9484
8211
411
5124
7174
4649
2144
2607
5250
4237
821
2970
3586
2575
7284
9592
4385
2203
9352
5617
3750
5895
7264
2381
3191
8298
6981
7531
2967
9623
3416
3203
2477
178
2288
5900
2031
671
865
702
8112
3730
4714
7046
9532
3528
4175
3982
3379
7123
3716
9966
3499
96
6907
6619
5852
4777
3468
7382
8836
3789
3397
3408
50
5680
7551
9110
766
3798
5945
1060
969
3686
4825
2445
1594
5349
249
6182
1518
3269
7086
7432
9943
2638
6511
7666
8904
3092
2665
5895
4180
5689
9636
1389
5397
6438
6853
9341
76
2524
4409
7756
7541
202
7627
1844
8559
9861
7765
8966
917
3615
6800
5311
1242
2202
5664
5028
4881
7685
7505
9044
7158
9569
8618
5596
6825
7283
7810
4790
3615
4898
7437
8687
1649
4271
3569
9843
5396
7050
6887
5827
7326
3052
2987
6377
4711
7387
3866
5329
2196
610
5449
333
7970
3821
6079
9701
6406
9713
8858
2446
1511
8600
4246
8225
8169
2001
9778
8544
7387
213
2211
6040
9622
9041
1912
4003
6178
4187
2699
4180
9239
1735
5643
308
1906
6931
1330
8516
9633
9717
7927
8055
4710
9578
4180
4500
8766
140
3440
8266
4575
6553
6903
1662
1694
5850
5777
7314
7149
6440
2689
9297
8692
597
1155
8571
9697
2086
4111
1912
5073
2474
9482
1008
1136
2063
1783
4664
3636
4422
1885
3183
6735
6959
3519
9929
151
2777
9330
1714
5510
2187
5525
3344
9752
2614
2275
86
827
6353
9669
1671
5594
869
9663
8017
7622
1228
5104
5592
3479
3289
3401
5109
4009
4295
1515
4147
1050
1920
2166
8563
7389
7677
2353
3461
5224
534
8844
6623
8334
2282
1453
5372
5064
9614
5393
7292
1657
840
9035
2934
4012
3516
5254
6070
3957
886
5227
1871
6754
7441
8013
8805
1506
4958
3004
6539
2158
9762
3817
9419
1870
7416
8872
8612
6955
8564
3969
5334
7722
7390
2815
1156
3450
7677
6516
7708
3614
303
5100
9438
3577
6463
4152
1784
1874
36
5613
2375
2141
3757
5909
7437
444
1906
512
9832
2196
7482
4917
905
8930
9246
4372
960
8310
3041
5198
8918
3796
4910
6950
6402
8944
1465
638
7871
9735
5854
8455
3284
6258
2106
5499
2288
4215
1674
3261
1444
8990
4105
439
4452
112
370
1306
5118
9592
7766
4332
8402
1500
1391
8003
6324
9119
552
4464
9813
7357
2007
4396
9141
8546
5496
5967
3473
981
6602
7403
4999
8691
6835
938
1813
3009
379
6033
6113
3393
6721
5025
9006
9632
8728
9943
6916
2630
9685
8744
143
448
2131
6132
5555
512
160
7859
2893
9244
7420
4859
8146
3823
3836
3697
908
4839
3848
549
3847
4902
3221
2153
6973
8323
8848
9532
1915
674
8427
4584
1781
6229
1214
5293
9057
8437
3353
1714
7748
4716
2891
3562
1681
2389
3102
6527
7043
3291
9801
3143
6235
9329
9786
4540
9838
3195
3512
5921
8807
9904
888
7330
9351
3947
4553
135
7772
4188
8228
8424
2180
2228
7889
4774
751
6447
9477
7980
2475
5075
2519
933
9903
4812
7022
4813
8329
5430
5282
8099
5070
8508
6948
1529
6622
6138
5179
3402
1081
5387
6500
512
4127
5711
5631
7846
629
1891
1050
7528
3225
2071
1987
4920
2174
1117
9166
2660
3383
8033
2924
2437
8934
7430
9491
9288
5394
8663
5734
6117
9584
4030
541
2365
5812
4713
8002
7929
7664
1311
647
9871
6323
7867
5196
645
9017
5167
4130
2588
3208
3877
8336
208
6221
7204
1974
8652
1920
2049
4660
6656
8867
1103
9307
8746
5308
7223
6311
7160
3051
2378
7524
1971
5911
583
6593
2531
6926
7961
1487
245
419
5393
2618
8691
7939
5035
5589
8209
4920
4403
6789
8840
6518
8058
484
8132
2811
9558
5961
2936
3844
1886
1284
4598
8230
9734
3970
4581
7332
350
6527
8377
6846
1122
9671
364
4067
2524
1213
8001
284
7081
1217
8754
1575
5245
1861
8565
798
1129
4483
5342
487
5977
9570
4742
5329
3410
5811
1495
582
2990
5325
4023
4384
8964
814
8774
7336
2923
5040
9638
3161
7302
8647
8647
2833
5117
1856
6694
5123
7841
3619
6319
1948
9771
9647
5455
5606
8735
802
3180
9494
9339
5403
5206
2521
7244
8923
2352
1103
2177
6362
8340
2260
6858
8679
9365
2488
4950
8098
5402
4334
523
4722
6199
3896
1406
7608
2464
2411
5922
9570
5392
4379
7570
6741
2430
4397
9214
248
7456
2999
3955
2175
101
666
4212
2355
9796
413
1376
5982
3098
1124
6313
413
8862
5276
2380
6167
9351
3410
9577
4394
6812
3269
3472
2542
2493
9732
3763
7263
4584
2267
5774
9774
4832
2234
2960
7578
5236
1481
5201
7345
3053
9601
4377
467
68
7770
519
3657
3850
6357
6795
7378
7426
9216
6471
5255
125
6112
3711
4009
1570
9394
9735
2886
8869
8465
8179
1232
120
648
1920
387
346
3969
8614
574
5524
3228
6191
277
3806
7024
3312
1069
9405
675
5057
3834
1916
5727
827
119
1821
8076
9960
8270
5846
9800
3734
4577
7087
17
9234
4420
3042
48
7081
7939
722
9541
9180
9341
3599
1333
957
7793
4265
8549
3455
8701
220
1609
8035
9403
3357
8337
8543
2919
5645
9433
4221
9077
2616
9657
4469
3334
9156
8559
5181
7236
2062
9131
2690
9795
2903
9635
466
1484
4906
4024
7845
3851
746
5625
1266
3755
8945
6579
7007
789
149
1100
604
3441
779
1730
1985
4437
806
2045
1273
7408
4367
6024
7246
1189
63
7752
4013
1371
8698
6073
7435
7450
1385
3281
3972
9415
8086
5656
2285
6501
4382
2463
7559
7146
4125
8718
9239
3473
2594
1886
6257
9598
3122
8440
6650
8984
7742
1455
7566
1104
8275
1515
9621
1383
9057
7199
4311
8725
853
6823
1110
7450
5812
7146
3927
1061
275
6301
5104
968
6064
5803
1509
5987
3749
4328
8285
7699
1894
2738
1312
8139
2593
987
4050
2103
4165
5976
1682
3743
8580
5994
6591
8129
6899
6785
5329
4398
4795
3002
3801
2543
9276
2474
6380
4314
2318
2803
2830
3723
2429
6398
8075
7425
6841
7162
8099
5913
3144
3073
8859
2906
3669
5366
6082
449
4112
2547
953
95
2657
3551
9744
8028
2596
5003
4213
6388
6595
1546
9160
1469
1697
3428
1986
5376
4847
4542
8719
5749
5381
2563
2959
2840
7102
283
9507
1617
9460
816
4887
8281
7793
9687
1656
1271
2274
419
5301
6868
4880
6988
7350
9101
764
3632
4508
8793
4062
7100
1824
382
8283
4240
1161
1129
4904
8420
3892
876
8580
9975
5453
9945
6034
1484
3860
9789
7447
8322
9857
5577
9806
7501
8907
9006
6229
6601
3178
239
68
3176
9311
2786
7149
522
824
4124
2547
6510
7568
2920
9328
3554
9937
3656
7681
276
8207
684
9479
269
1682
3304
7034
2377
9896
4494
8332
4812
9818
7727
1590
1269
6240
6150
1703
2800
217
8696
5903
253
6715
8211
7406
9822
1767
4080
834
5897
242
7162
432
9655
7470
8667
7046
1963
9522
8122
7502
7252
6359
7717
1486
5971
5617
2928
6585
4966
4863
2227
1829
4422
4363
7788
7309
4064
7090
5440
720
5160
4742
2064
1200
6881
6110
4895
4941
9142
9375
9147
969
4894
9093
7730
3477
8211
1685
2178
967
7996
3501
5595
2018
5355
7145
6098
3365
5588
2404
8924
5378
4715
7983
801
95
8646
4331
7579
6327
8034
3228
4317
8156
2166
8320
6651
7326
6795
7355
2702
8520
384
3005
6005
2621
359
3351
8188
1205
7147
5534
3778
697
3332
1899
4099
8820
8355
3186
5204
3380
3035
6814
8460
1621
4333
969
2045
6784
3644
5736
8921
6080
5639
4402
7772
3589
130
7821
6372
1001
9490
2457
2807
8822
8083
9782
1189
7538
4750
4984
8481
7487
3927
6346
1676
3350
5018
6292
9856
2860
4220
8520
1847
3020
8616
951
439
8436
989
6337
3622
7887
1516
7534
2521
388
8240
281
859
6397
9178
9277
9155
1727
1677
6989
4651
2193
1256
2189
6634
5138
8483
9365
1140
8482
2563
7452
2017
6066
5450
3320
9211
7319
3712
79
613
4368
5763
4981
9312
5959
2112
3055
9671
3920
8983
8887
4294
8863
9766
2535
1998
2773
1569
7022
7291
5684
9036
3015
3944
344
1279
8807
1323
5572
6683
7132
605
322
990
4198
2511
6202
1892
1659
6656
2901
1343
609
8982
203
6812
4605
5615
2326
1622
3528
5059
545
8975
5482
9910
6333
8244
8942
7966
9237
636
7930
1217
3283
1772
1905
5407
745
3726
8771
3957
1406
646
2241
1198
657
7535
7519
8150
3486
55
2870
9259
6829
2323
1029
4621
7577
3799
8047
1790
1568
9225
3615
7334
9963
5259
435
19
9966
8662
730
414
3215
5985
4766
9621
5294
9975
8336
473
7706
4726
4425
8661
9529
892
8193
7699
5035
349
4975
4578
2313
4754
7160
5261
9933
903
7184
1236
4601
4419
7457
4942
6694
9887
3881
3687
9611
8139
3007
2919
2765
819
7550
4141
4805
5371
7189
2479
8729
6037
7243
7761
4223
2471
8036
1790
2576
8049
8203
9492
432
4531
5513
6830
7832
8168
6697
8688
8719
5714
2794
2097
5764
2876
9851
1942
4185
7216
8550
3371
9172
7837
6417
2347
1921
5099
2354
165
1842
2718
8918
3122
4406
9600
9393
3372
7874
7384
4861
6060
4899
2674
6080
1460
5972
2470
7712
4267
1394
8645
1678
884
8472
2148
6499
7636
7885
2318
2927
6328
101
1290
2211
726
4188
5832
2928
3191
5356
3709
7064
3361
7723
7818
5230
3766
8128
2106
1599
8111
9878
9414
9605
8159
2494
8312
8278
5241
927
8443
3789
205
1426
1307
4502
5774
7808
3782
7812
485
2873
2098
8300
4955
3093
8774
291
4229
1075
7687
5020
3326
383
3145
2731
2996
2904
6829
7408
7927
1325
9727
242
5045
5222
660
8977
9950
5178
3173
631
1798
5957
1153
8581
5877
3490
5030
4282
4130
6476
4787
9120
7433
4016
4909
9021
7131
9359
4132
7014
8991
7921
1858
9556
2417
261
3494
9145
7108
8537
8952
4651
3388
5708
2581
178
2439
1813
7199
9722
1072
9226
2100
1250
4742
7954
7084
2383
4367
4210
7333
5750
4075
8783
8041
4512
9714
335
5739
8621
1824
7020
7573
3671
9911
4552
1085
3425
6450
1986
9570
2481
5487
3115
7400
1471
6484
8914
221
8666
7977
2028
6338
6175
3464
9424
2650
6452
5636
3585
8363
8453
4667
1737
9997
5160
9630
653
4531
3140
831
144
6210
7036
3104
1007
7034
376
781
4676
3631
3562
7960
7890
3119
8018
6070
5951
3869
226
1734
4802
7853
8273
4389
3186
1847
4155
8269
2078
9332
3866
4996
7403
7535
5434
4732
6708
2392
7307
2913
1558
4302
2714
2252
7704
4563
3698
9770
2749
6005
797
9941
7281
9583
4171
7548
7346
7262
8246
7793
9584
3107
9895
5065
5401
603
3795
6682
6882
6262
9076
5117
6712
6067
1256
333
8704
3537
322
3078
8212
3419
4965
3494
2579
5531
9920
8750
5908
3543
6363
9781
9459
6375
7191
4708
9355
5860
3514
2144
3613
7689
6568
233
8914
6355
7945
3824
656
8222
620
8175
3949
679
1318
2496
9884
1893
2799
7546
2624
726
3867
9283
4459
6606
2470
5180
816
5028
2557
3486
4759
1397
6086
9924
129
8667
6476
3817
671
6216
2636
1546
8653
3451
804
3359
2674
7673
7080
6003
933
4050
9794
5823
5421
9791
4304
745
6540
9983
7537
5144
8101
2408
72
6670
5134
8163
9629
8082
4492
8851
5707
5538
8195
7926
5217
5279
164
5154
5857
8684
1019
3652
6511
7382
5886
13
6856
3868
5725
1821
3845
1916
1630
9585
3586
669
2092
7052
2492
5983
9356
6526
3307
3407
7179
3831
1233
206
8185
4763
2611
1337
2182
657
2682
9601
462
5821
4769
9584
7886
8531
485
7716
4471
7518
2984
5675
9701
1628
2326
3681
3365
325
8694
8630
2942
7263
1944
2287
4320
8490
1182
1752
118
4810
6993
1983
9931
7347
727
1131
1628
370
7520
1833
5670
1865
835
8672
5808
5977
7855
84
3526
8758
5604
9138
597
7036
2429
9661
7691
570
9435
3612
4476
7687
5999
9355
6907
3207
7331
7441
9859
9054
103
6430
186
359
5737
8376
929
5494
2729
1436
2356
2257
58
3668
5576
7715
2155
7530
8495
4472
2793
6223
1472
1453
9339
1448
3627
3132
1741
5433
9057
6290
263
3256
8384
6653
2936
6921
3175
9739
2747
2387
2458
9240
9641
1910
6321
8512
3831
6373
5715
9051
1154
8933
977
756
5075
134
6608
7320
9287
5029
6515
2797
6634
6015
9663
3970
1528
59
7567
5370
3053
9794
4564
4337
9056
6260
3047
6863
6490
3388
8236
5072
7011
160
745
5888
7643
5198
7114
5326
731
7096
3937
6397
9269
2847
8917
1146
3904
5788
3430
2848
8839
7154
5596
6834
2060
2556
7285
52
9233
1897
6671
3980
8516
3120
2772
6661
4018
2871
7630
1253
1252
2606
7083
9048
9804
9185
2202
9586
6137
5417
3313
5785
6342
4475
2363
7148
5220
5303
3817
7128
1025
7607
9733
2865
5425
3313
8676
6609
9013
8427
9983
1503
1698
9373
3504
6230
1136
3316
3941
8205
4637
534
7549
3659
3153
5685
8982
9638
2653
4509
7526
4430
8275
6732
1213
3321
5713
9815
2395
5204
2241
2708
8804
6524
1302
5458
8684
7896
7191
8732
1348
7481
6150
1572
1941
6993
2788
4773
3041
3392
6460
2147
7287
3932
870
3558
4257
2591
5205
1242
1257
7473
2611
9462
4827
8425
979
5270
8471
5749
2981
7969
5564
6725
4951
6061
5314
5526
7942
5925
9273
9511
2056
4709
5106
7762
2883
4298
5171
6474
9066
6314
9072
8359
3520
1399
8427
8037
8569
1944
3222
2075
7977
4870
5593
6630
5139
6694
9149
1793
8243
3254
4215
8433
7123
8997
8538
2993
9518
4143
1702
8156
512
8097
9078
2059
3126
8364
9373
6409
1543
119
2309
7161
5607
5895
7361
125
4578
775
3821
2204
2369
1961
6848
5889
4705
586
5133
2050
7336
5565
9038
4782
6102
3580
2597
2876
4959
3071
4539
4249
5295
9830
7720
6251
8503
3789
7944
2308
2854
9587
6806
6800
7969
9004
349
5512
2784
6725
2134
1778
7095
7836
7578
302
4844
286
7121
9009
5340
5307
7578
3949
1704
2041
8921
2467
2795
5155
3186
7919
6402
6356
4753
182
4154
3812
2747
1432
1901
8183
9880
8925
6143
4611
8223
7594
1592
4575
1039
5262
5520
6806
5904
3818
8200
235
2214
6630
3595
9179
2380
8769
1372
9060
3765
7242
7557
5161
149
9321
8976
3587
3030
8178
8933
6976
1507
4581
1533
7859
7953
8332
7376
2406
345
9635
8398
4785
1030
4707
3964
4808
3501
5644
4227
6298
4651
5114
4111
7148
166
8704
9882
7081
1591
7337
6140
8398
6322
7265
6952
2968
3166
7359
6453
7232
7994
9567
5747
7817
3199
9062
3219
8745
8697
7866
6149
4307
7548
2916
866
8660
910
6055
483
3709
3671
6702
2409
3462
6047
2301
4253
3558
6998
613
2224
2525
3469
992
1276
9933
1563
3692
9403
7218
406
4804
5470
4548
3813
8819
9315
5031
7895
4605
6966
4196
4976
3338
3743
1658
4255
4926
6356
2922
6558
2681
8536
6557
9616
6674
1851
3784
4093
3960
544
869
9560
2000
4196
8107
1747
8312
741
3129
4583
3231
3228
1768
6641
8152
4821
9823
1206
7050
4535
2247
6740
8344
5069
2142
8030
4087
7733
2758
6474
4498
3827
9093
8623
1697
2108
2457
3891
4586
717
7786
4711
5407
2320
1995
2835
362
7943
6965
5626
3036
1747
1606
1205
1897
1607
1984
4405
6155
9584
9538
1768
8208
3571
6649
5006
2390
8492
6290
9951
449
4956
7596
6966
82
602
2326
677
3838
3647
6868
207
2831
496
1733
5530
4546
638
9025
13
7213
1421
3141
411
3369
5860
8197
9004
1256
359
218
929
8295
4679
4407
1381
5803
5677
1751
7837
7200
7314
7333
2412
223
8118
9431
6318
2243
2216
5792
8704
5979
8006
2485
9599
1961
9290
6768
5949
8044
1422
7891
3282
323
1884
6749
1310
4177
1372
8597
3118
8511
2491
9329
2908
3024
8494
1226
8530
8042
2528
2555
2331
1683
1834
7783
3730
7360
7146
9523
8207
2955
5124
5033
6672
8821
4009
2008
9449
5688
5981
9929
9630
516
6616
9245
9327
1084
9100
12
7941
8604
2819
8724
1725
1146
6847
8727
7566
5459
1143
9930
3028
8603
9180
4747
2754
6767
4198
9759
5004
5717
8025
8309
4649
365
8358
6766
8556
2192
7918
6496
9697
3463
950
8383
5037
8684
9650
9647
5646
5452
1538
1262
9833
5615
7854
8386
2797
2147
1362
3698
2072
7740
879
8363
5352
5303
1775
4158
5171
7941
8364
4913
2475
3068
4382
2072
3380
6390
8015
5141
8344
8738
9324
6512
3526
5458
2596
6830
3569
7637
4044
3359
880
7089
2173
5306
4362
9964
1593
1092
4648
2469
3402
3924
8398
4222
7105
8595
2375
6024
4724
7148
6359
5792
6672
3517
9984
2643
8099
3119
1163
4065
5651
5924
9161
8549
1853
6242
7023
7654
660
9923
9269
1048
7659
5704
4669
169
7534
3548
1148
771
6997
469
3420
7359
7692
333
2473
8465
551
1858
6941
3636
9452
4654
1424
920
1643
3266
8565
6412
3798
5279
286
6076
3339
6816
1367
7959
1936
8583
659
2527
9995
3098
876
289
3943
1410
9190
619
266
7597
7376
177
2283
3185
2549
9997
8359
8724
624
7030
1011
3266
3011
3410
4450
7874
7291
8124
4393
1702
4995
2845
5151
7466
1483
930
2300
8477
622
3085
8420
7994
9892
5642
4348
546
7369
8613
1472
5072
6084
9784
8742
1457
2278
7962
4607
5159
9925
297
2234
5389
3346
924
9614
5645
3343
6884
9702
6547
152
6773
1865
9577
1328
1406
5770
8358
2753
4016
2386
9132
7224
3480
89
5490
7692
8840
2773
5000
4862
8003
6640
2329
9189
1771
5266
443
5985
1079
3894
8013
1258
2613
3371
2501
8758
8632
9608
8727
9266
4222
1877
7714
9538
2450
1116
7159
351
6657
280
8275
1054
2726
1598
3755
6191
7465
3221
3498
5861
4292
5781
801
4830
1210
666
3999
6269
9084
2518
8317
3631
9562
5304
6146
5896
4181
995
550
9064
8234
8366
5909
6920
8582
9034
8389
8423
9593
6280
2331
2681
4745
7546
7643
8518
5353
3345
3041
5258
8670
3090
8790
4655
3091
476
9818
3538
5592
3904
7990
5540
2155
458
5467
5648
7805
1157
932
1001
4327
907
2781
2838
2881
8314
5132
5567
7621
9882
8520
9925
7409
5228
7460
9699
9168
2032
8051
7056
8618
8013
9106
792
8239
8372
9949
1698
7206
6033
7490
4733
1995
2315
556
2214
9496
7116
4863
4492
9560
4753
6718
8767
4340
4951
5183
2691
1773
2384
5642
6552
5354
6348
6216
3365
6462
2334
6165
798
6442
9880
8695
4565
1190
3325
2535
4101
4671
3111
2230
8662
4067
8363
9300
9703
1505
3493
4854
9154
5905
3949
9760
7610
6308
6148
8478
8821
3444
2607
7910
3267
6910
3705
8709
6541
8667
5754
602
2162
5194
7600
2066
6518
4071
3949
2482
7644
1625
5126
9717
422
5523
6701
4733
5707
2338
3884
8714
4040
5290
240
510
5912
2693
7473
282
6725
6883
7365
682
9141
7344
8594
9156
5462
9537
3975
2736
4405
2950
5757
3568
6133
7685
4660
4485
4357
3116
6603
5538
7086
9829
2008
7494
8334
7524
6240
6802
2605
4729
1725
5192
7207
7170
3497
9069
255
6058
8746
2536
4735
7450
6167
2727
6849
8422
2413
2133
6465
1692
9443
5602
9623
2859
1567
9218
880
3008
3704
4721
2652
1214
5598
1212
3485
3744
3973
3609
1677
4438
8587
211
8052
808
5253
7474
9854
8274
9996
7315
5951
8267
7797
7073
196
8001
3367
1324
7019
7829
1535
9191
6258
2805
4177
1560
69
2463
2092
5973
5055
8183
6027
5079
6361
453
9016
5573
7190
557
3201
3152
4173
8312
1078
7646
9919
1117
5060
2916
4660
6326
8753
6286
2405
5640
5710
6044
4144
1714
6639
1339
9845
7128
8189
2845
7881
2982
2962
804
8087
7051
2096
7364
264
1321
4937
4743
1877
1478
7437
859
1972
8947
5185
7610
3649
5665
6240
7274
4330
9335
4062
4408
6898
8157
8340
3009
3761
6121
7822
5364
7306
6826
3932
827
2773
6530
6233
3050
3386
9032
3273
9057
2240
7994
4756
4698
1275
1731
6129
8125
2707
9590
1928
8967
3872
3587
9462
432
9607
7064
6112
5464
4375
4431
9364
6553
5030
8996
9063
572
7436
5838
3021
7258
6498
5324
3793
9188
7544
684
6985
5855
9461
6051
8128
6790
1724
2105
3876
5525
4265
9203
4816
9028
1227
2942
4908
2842
2847
2182
6526
3360
1710
8366
525
6164
3974
9688
9106
3319
5233
8321
3561
8771
4796
5901
3989
5376
2971
9577
1625
969
5105
8887
9130
6660
8645
8014
18
4405
4303
8247
8576
520
6284
6096
9188
6175
2461
976
9909
2890
2149
5851
889
5522
9577
7122
6634
225
4106
9046
2983
2170
3279
8297
8525
6009
5966
6946
5538
5581
858
7034
3342
7390
9591
3024
7848
8959
3154
6191
149
3918
3937
3684
8577
5624
5525
5958
2324
9237
2705
5221
8115
4571
3388
7648
5733
5921
4414
1359
6071
5464
3716
9558
6454
3695
5129
7556
9584
9916
9951
2769
121
2733
4272
4154
1382
7577
3417
9268
5493
9460
2140
4375
5897
9236
3488
5229
6259
4175
9096
4042
4963
7432
2174
4879
5955
8279
1538
3356
5716
3419
7939
3129
8165
9360
677
9816
7478
7906
8664
6618
2221
5684
7229
8190
6952
7368
4660
6657
7211
7312
5806
9613
4827
6960
2356
3029
4116
579
5246
960
2182
5717
8929
3479
8223
8940
4949
7027
627
8457
8747
5514
6316
2194
7175
8750
3406
3565
9944
586
6166
1909
5905
2518
7233
6658
5438
981
204
3540
7474
6583
6909
4154
7981
2962
8756
7619
8249
8056
8130
8244
8581
8619
3885
8222
105
6058
8463
9576
1939
6978
1473
6395
9800
8944
1764
4621
7319
1169
4784
9010
1907
8749
4297
5501
6734
1732
3749
7378
2819
2072
4031
1142
5832
1622
1971
6463
3302
2695
7784
8268
8420
8669
2141
6905
6195
8667
2058
3920
643
7212
6855
7006
3435
2724
3227
9607
7218
3907
4213
5730
7488
5153
2399
2916
5480
6786
5153
5327
5682
7163
2908
7845
3502
8846
4923
5793
8734
4294
2108
6752
5717
5616
1580
2513
7246
224
2408
4874
7810
3399
4849
4666
471
6053
830
1351
4837
2342
1848
3190
8307
1094
5549
8137
6592
7577
3159
3746
279
4533
9408
4393
8575
312
6579
8604
624
5601
8436
7973
2210
676
5956
4372
4174
1148
7044
9087
7204
9547
3731
1767
256
1023
6711
818
1995
4733
6737
2974
5246
1672
3984
7950
4289
2172
9014
3397
1919
4509
931
6528
4487
9826
6147
2248
3595
8728
5144
9113
7875
9295
9577
7083
2667
6661
3026
4011
1941
6125
3703
8362
5369
9667
1449
6062
5001
1032
5728
5213
5054
6335
3356
1647
280
1175
3142
7722
343
9831
2834
4571
6199
9564
7421
6506
8861
2542
2121
1265
2776
8618
6987
4253
1741
5630
8774
772
5070
4462
3567
2443
4566
7891
85
4826
6188
8539
4811
8617
9026
3556
1257
4988
6128
5917
1371
9006
7888
4105
539
8886
46
3072
8415
8310
8734
2980
8256
3282
3200
774
798
4353
2527
2588
9889
7072
806
9569
6021
5886
3392
4718
7974
8739
968
6919
5945
1285
8585
1263
1594
2191
8613
1910
5475
1634
8536
4331
8301
4347
9399
2730
9813
5194
3523
2390
6486
2409
4369
6702
767
6982
6290
3903
2989
7167
7937
6365
5694
9476
3410
8544
4884
8376
5119
5239
3623
7742
8822
6304
2295
6254
5529
2177
9641
9282
7837
9538
2839
7680
350
2079
7372
989
8478
9159
2866
1038
3903
8716
2293
1480
7125
5605
6606
7888
7951
1941
3474
4817
4422
8507
567
6482
34
7512
8868
9399
8300
8643
9525
4236
6324
1990
4332
1600
8243
6619
4610
7793
5747
8555
335
8337
3190
30
7882
98
5644
8007
7868
6520
8991
1519
5244
7550
9205
4659
9519
8353
6128
3790
9223
6792
4835
9239
1480
1237
2332
5355
4366
5435
7271
5189
4285
23
3625
7107
794
966
310
5942
5753
7982
5834
4290
4929
7708
6659
7553
5613
6299
1911
9678
536
2719
468
6364
2486
1615
3486
4023
1660
590
1382
187
4536
6461
801
9058
5896
4764
4570
1226
719
9331
1038
7498
3096
7736
2464
6292
8190
6359
4398
1639
3063
1416
970
3794
6242
4323
1976
1915
1493
4893
3083
1987
6419
3149
549
5136
5881
2238
234
9536
6047
9327
6895
3526
5113
2023
980
5911
9188
9472
643
195
8780
7649
8318
5808
8981
4481
5952
1825
4607
300
9866
4628
362
185
8445
4164
5601
7015
945
2411
8581
6451
4673
3816
3079
7297
4605
5558
9579
1988
6003
2641
8718
351
2322
3936
7894
173
5046
5113
8418
7067
7131
7424
904
6585
6649
4062
3934
3057
9377
5216
2051
1855
6487
5178
650
334
2586
6054
1569
9971
7081
4415
6682
1609
8430
1932
1819
1831
7032
5779
8849
3963
9597
4747
201
7601
472
636
8956
1604
7906
7655
6579
6530
6314
3781
1898
8217
2905
2081
7497
8113
10
9846
8536
4754
966
3840
3231
4177
4145
7215
5293
9313
9715
128
9544
2195
6463
2966
6171
3070
5272
3628
584
26
6981
4156
1968
5024
5858
8671
8238
939
8921
5574
4631
1205
4987
4898
4446
8819
2650
7599
1934
9884
29
5295
9478
2182
1386
4493
1242
8387
4555
5176
7385
2919
6981
9854
4645
6485
7889
6488
8066
9251
593
2430
4878
7650
9093
8887
2269
8843
3370
967
7786
5930
8844
5613
7915
9445
4485
1754
3846
6833
2066
2361
7996
6727
5777
1939
1707
4550
1634
7850
7239
5160
2132
2596
3436
3365
9021
6986
6737
9476
6424
4065
7109
2167
4423
313
5835
2633
2484
4871
2895
5806
7399
9081
6921
2040
4930
4541
9822
3046
9315
3377
5872
1778
3407
7467
5186
5701
8062
1413
5515
1334
4572
1918
6312
4104
5366
9659
7903
928
8932
1296
4881
9451
8792
116
6385
8070
2291
9224
326
3683
7793
7340
3336
7637
6263
3663
149
3854
3483
9000
6631
5024
9338
1571
2853
7887
7772
6819
2506
1530
7077
445
8593
9114
4717
2441
2628
2234
8434
152
386
8670
4348
3828
8604
3079
3095
9158
9400
6381
2177
6544
5740
8506
4538
897
7977
6687
3690
3852
5417
614
2851
6248
4055
5021
8984
5608
3863
3300
8053
1790
2384
5837
5331
6542
6007
4740
6266
3358
8589
938
7345
8323
9902
6800
9904
3394
8922
632
8764
5016
1895
1699
7404
5281
573
3825
4807
6625
1415
1202
3792
3134
4410
548
6560
2630
7891
8519
8931
9916
3341
462
183
8423
4752
8861
6617
769
8303
8667
2234
4512
4598
2648
9488
8907
9852
7075
9666
7470
7617
2530
3189
692
1293
567
5229
2020
3524
8636
2117
8057
8374
247
4185
8892
6078
5425
6484
7220
2243
7616
7201
2222
7653
4527
1321
8269
2537
4378
6476
4836
3645
6777
7649
7038
526
7351
7423
5486
3640
2878
2887
2575
8621
2728
4930
5854
9528
6522
542
883
5401
2867
7574
4389
6690
9312
812
622
5084
4008
2406
7861
554
5825
5900
343
8135
3507
7544
6268
173
3202
9130
9122
1139
1678
783
1582
3869
3543
4821
3224
9047
3641
6510
8425
6282
4733
6636
9055
9050
4490
112
6325
7392
2818
7977
5744
8031
7303
5369
8140
2848
4136
8
2228
2955
7328
7219
1320
1496
3643
7329
2183
3209
3040
4744
8469
6012
2433
6234
5781
3360
4684
8562
5432
2713
3763
2594
5414
5347
1268
7973
2214
5253
9791
1970
3849
304
4160
8631
316
6992
7711
4809
3390
5609
8666
3247
6894
7265
3669
4376
5724
1320
