500 3450
72
61
12
19
13
69
6
71
16
30
23
40
32
8
49
36
60
31
73
51
10
67
45
59
4
15
82
82
45
60
31
44
84
60
22
55
76
65
34
36
46
6
49
7
10
50
78
3
36
31
77
41
28
80
73
5
17
39
16
83
73
9
26
41
85
65
42
57
71
80
45
81
83
37
5
5
19
39
49
40
23
80
46
15
69
75
17
4
73
18
39
38
50
36
49
37
65
8
8
31
8
21
17
42
71
82
44
76
75
68
72
64
76
61
61
78
49
12
58
10
49
38
69
54
41
8
31
47
74
53
26
12
31
18
32
3
63
5
29
72
32
26
14
6
31
61
48
75
61
56
74
53
35
84
68
55
37
49
1
64
52
82
3
22
43
61
33
58
29
59
16
45
68
71
63
23
24
64
23
66
46
42
72
18
65
58
62
33
36
62
51
15
4
51
21
35
24
77
48
56
29
75
46
2
41
30
71
50
21
45
32
59
26
21
18
10
10
70
43
71
84
85
23
53
8
2
41
18
50
29
84
32
16
53
37
57
82
70
63
35
73
13
13
76
31
78
75
68
34
12
25
40
35
63
57
30
52
78
80
40
74
54
85
78
46
85
43
59
69
47
14
26
7
9
84
72
72
33
22
16
12
59
69
39
4
45
83
39
81
8
6
4
76
24
46
20
13
21
30
32
36
16
85
72
83
85
33
27
64
71
43
19
57
64
28
16
70
46
74
2
2
4
63
61
42
11
35
69
48
65
59
52
4
76
66
81
60
83
42
4
13
57
60
11
50
72
33
13
82
31
35
53
32
28
31
32
39
24
31
72
50
50
64
85
12
77
16
67
83
32
42
72
5
70
75
30
29
53
11
55
64
23
72
17
30
7
20
61
45
35
43
36
53
55
39
48
78
60
85
59
57
51
15
50
74
49
48
47
39
1
3
71
13
61
9
28
63
47
56
5
58
40
22
49
74
6
20
35
32
27
37
54
54
38
84
13
9
22
28
67
45
59
22
45
32
58
24
78
46
12
70
31
5
80
2
17
30
51
62
69
29
13
16
13
49
34
18
60
62
81
20
41
20
75
46
85
18
62
18
17
68
28
75
20
42
6
50
59
37
67
68
43
46
45
38
32
43
10
82
83
40
49
16
50
77
30
12
16
35
3
85
54
33
45
1
2
24
81
56
43
70
44
24
80
14
62
81
60
37
15
42
9
66
20
62
19
13
25
29
13
80
34
25
35
68
15
10
1
44
37
8
47
40
39
14
81
26
21
37
15
35
38
64
21
46
76
73
13
68
68
75
85
53
43
49
36
20
74
13
84
53
80
16
1
7
80
55
27
7
67
79
77
73
14
64
42
56
4
74
78
27
82
19
62
47
9
80
82
75
64
61
37
9
39
48
40
22
64
15
52
22
46
7
2
75
83
13
40
65
7
65
17
1
21
57
56
62
40
39
84
1
59
37
29
6
42
69
34
51
24
20
78
75
23
56
67
76
17
73
50
81
41
17
68
84
45
37
74
68
78
64
68
25
16
51
49
9
63
82
33
15
64
74
41
73
73
27
63
50
76
65
45
52
75
3
46
42
55
31
46
6
80
52
59
46
38
53
60
57
8
58
13
21
41
35
17
52
62
81
11
19
59
24
77
13
20
16
35
13
6
7
40
33
36
27
20
13
15
81
35
20
53
7
42
18
52
25
12
41
72
79
65
59
21
28
33
57
60
47
27
23
18
47
52
1
18
66
70
14
15
5
38
66
47
76
51
53
67
60
46
80
4
80
27
13
27
67
12
9
80
49
38
54
55
13
2
7
40
42
1
72
40
84
26
67
42
85
12
30
62
66
75
1
1
32
19
24
20
40
59
37
54
62
19
52
52
70
12
35
74
45
13
26
59
60
41
6
55
45
56
28
56
68
32
15
60
37
53
24
79
64
72
1
68
50
18
63
65
60
15
58
73
63
42
17
53
49
27
27
76
14
54
60
69
31
67
72
31
5
77
16
17
74
42
10
59
12
44
10
42
63
26
81
31
84
41
79
26
15
47
11
11
27
33
65
10
12
18
37
69
32
33
61
68
85
41
85
21
32
44
41
6
17
70
14
74
59
30
70
76
73
46
16
43
66
5
75
41
62
1
47
80
7
27
11
30
50
13
31
44
41
58
80
56
6
6
79
42
20
77
37
67
33
46
81
71
18
18
2
80
52
44
45
32
83
47
84
76
60
69
24
47
85
27
35
16
51
45
37
61
12
33
22
71
50
65
48
46
32
25
13
33
11
36
77
83
14
49
59
45
7
3
68
37
53
75
68
7
12
65
21
58
66
27
69
19
23
59
67
18
85
39
44
35
56
77
36
49
35
38
3
2
71
78
54
9
51
71
19
60
83
41
35
53
5
40
52
70
53
59
60
40
67
42
46
54
45
33
66
62
39
20
57
59
62
19
73
74
58
60
54
38
41
8
21
44
5
77
31
16
26
52
82
61
64
48
21
30
33
1
50
18
5
42
21
64
70
62
76
72
53
63
12
79
6
23
85
60
22
2
50
54
3
50
36
72
24
81
81
14
84
44
42
57
11
36
33
84
72
42
59
28
1
45
49
48
41
3
56
41
49
46
8
31
37
82
16
40
7
35
41
74
67
62
73
10
22
41
69
55
75
1
73
65
29
22
53
43
2
74
32
21
26
40
51
38
36
11
20
14
21
79
78
38
2
71
47
25
57
39
26
1
20
1
52
49
58
28
3
16
30
58
39
18
3
20
48
27
12
36
60
11
21
55
35
82
9
36
63
43
60
28
72
48
48
32
1
26
73
2
65
8
9
4
70
49
41
60
35
67
23
20
13
21
65
15
65
51
52
56
40
23
51
45
42
2
72
76
55
56
20
23
40
10
57
52
2
17
70
71
41
34
1
81
20
40
16
51
68
34
53
35
60
18
48
43
43
50
48
69
63
51
6
64
48
1
66
4
50
14
13
48
66
66
15
7
22
55
25
2
71
21
8
22
4
70
49
22
48
15
10
38
54
1
9
76
29
22
34
20
60
13
1
55
21
5
54
80
4
42
21
73
25
47
83
42
43
69
61
63
37
45
41
36
4
61
79
65
57
24
63
85
22
5
28
59
20
38
2
85
16
55
19
7
79
22
14
8
4
53
34
45
47
56
68
15
57
51
51
45
11
75
23
65
64
21
52
20
20
25
22
6
68
61
47
68
27
35
43
68
48
72
62
5
76
19
39
51
22
13
3
55
72
42
75
27
32
39
28
58
56
79
73
65
31
28
63
72
10
1
74
22
9
69
83
24
13
19
74
46
68
1
84
8
22
53
19
26
72
20
37
73
8
70
12
54
84
83
59
48
41
52
42
22
24
67
47
3
45
51
15
14
50
68
75
56
81
66
43
64
10
38
1
75
50
2
15
24
58
29
26
15
45
27
5
17
45
62
70
41
6
16
67
21
6
23
23
25
80
42
59
19
41
81
39
4
52
52
58
22
52
23
31
16
26
85
55
24
64
59
11
19
82
2
58
79
57
65
70
27
64
76
29
17
56
8
60
49
74
2
50
79
4
48
75
68
71
52
81
6
54
84
47
22
31
40
22
39
23
45
33
72
68
31
43
62
80
14
45
19
25
6
36
63
9
18
15
34
13
75
9
5
70
64
58
66
29
8
71
17
71
22
26
29
54
64
11
59
5
13
74
57
7
63
67
49
49
70
13
14
25
74
26
34
36
28
3
4
58
63
33
73
29
29
34
3
65
7
9
31
7
42
30
1
2
38
84
7
82
10
17
45
80
58
77
82
82
78
79
27
61
8
1
27
65
2
28
64
30
64
70
42
61
68
7
68
45
25
32
84
30
82
7
49
46
74
78
57
37
37
7
72
14
67
56
85
42
3
21
85
10
21
63
19
26
61
69
13
51
10
38
57
46
81
83
65
1
37
66
77
9
57
27
79
57
84
29
80
12
8
26
43
4
32
74
10
19
74
24
71
5
66
6
28
84
36
26
19
70
77
85
5
22
30
77
38
79
70
47
27
32
75
1
43
69
81
53
15
7
74
46
12
14
81
72
29
51
84
80
22
58
11
10
21
9
21
22
60
41
37
16
35
27
82
40
16
65
49
45
4
68
12
12
82
31
73
77
27
44
48
72
80
75
26
55
22
66
65
35
48
60
79
59
55
58
12
71
18
41
57
49
3
40
77
39
47
84
13
76
22
30
80
16
79
50
21
45
1
28
18
35
85
14
82
29
75
39
42
24
20
2
60
71
72
84
69
41
84
72
8
23
53
75
14
18
65
63
65
6
37
52
70
75
24
22
50
75
43
49
50
9
43
75
57
20
56
10
29
80
67
66
47
15
20
81
68
10
1
64
50
13
59
37
72
53
17
70
47
51
35
80
83
36
23
84
66
64
19
79
48
55
34
71
24
57
5
56
55
29
39
40
74
64
84
38
36
6
3
4
4
71
49
64
46
72
69
12
77
22
15
5
77
8
17
80
64
74
13
16
48
46
15
19
12
81
7
19
37
71
49
61
61
16
76
62
7
56
25
38
73
79
65
34
14
35
49
66
48
5
59
47
78
72
41
43
57
30
52
51
66
51
61
6
58
40
29
62
18
40
73
9
49
61
29
55
67
66
5
63
32
26
56
32
13
2
68
75
60
33
6
63
4
60
57
23
18
59
62
60
6
73
49
9
17
50
84
17
44
72
61
76
25
74
19
41
80
30
79
56
57
40
2
70
34
11
5
75
5
6
37
8
5
30
58
45
63
48
15
48
4
51
31
73
58
16
38
15
41
17
29
74
66
6
4
51
71
64
60
7
45
10
13
39
35
53
72
80
17
59
63
32
15
31
53
6
10
15
13
19
59
76
34
73
63
49
28
84
27
7
60
84
73
9
4
79
39
78
38
5
29
43
84
68
39
82
60
35
38
83
42
57
51
42
34
55
62
25
61
72
25
73
54
11
85
64
44
7
28
59
53
18
62
9
75
16
77
51
35
66
74
79
47
29
50
3
34
32
61
34
18
14
17
51
65
42
75
74
68
60
38
54
8
64
31
25
80
43
53
18
64
11
76
81
84
32
26
25
46
82
31
13
31
79
42
39
1
11
29
33
27
4
68
60
28
21
72
68
84
26
8
76
65
43
56
8
24
22
53
33
16
51
28
72
30
26
23
14
23
77
24
70
14
20
77
60
28
16
53
63
46
44
26
21
74
40
34
74
24
35
16
65
43
82
17
62
61
82
31
3
84
58
46
8
2
24
63
45
52
81
65
8
54
76
73
58
25
8
84
75
78
35
75
74
62
45
27
18
3
16
84
32
71
51
64
73
84
19
19
50
63
74
22
28
55
8
11
53
9
45
37
53
83
41
10
50
69
57
31
42
82
45
43
36
83
34
23
4
12
85
60
7
75
34
13
5
13
48
20
55
35
60
9
43
64
32
34
30
41
15
5
27
73
63
53
18
31
72
31
21
71
8
41
9
71
31
64
50
29
6
37
21
38
62
8
23
37
85
58
52
1
78
48
83
81
34
19
12
66
80
59
27
18
84
70
28
19
1
58
33
53
69
2
36
63
69
74
11
56
31
67
31
14
65
21
78
45
44
14
38
13
53
69
34
32
11
4
40
78
65
4
37
27
25
84
17
77
13
20
12
45
8
42
36
14
28
13
38
63
77
68
61
73
21
21
1
85
53
4
53
66
35
19
76
27
31
5
75
66
5
1
33
25
2
78
5
11
34
21
5
83
51
62
2
82
29
49
7
5
84
17
25
10
52
32
11
75
52
10
69
24
24
58
59
77
36
36
71
29
16
75
52
33
85
55
15
58
17
79
83
67
83
70
67
73
62
24
58
56
68
16
45
24
37
66
60
79
4
10
47
79
64
64
74
10
50
78
10
82
17
38
58
58
12
3
26
39
76
71
15
13
63
16
46
1
31
28
81
19
81
22
55
7
33
5
3
20
82
58
23
70
14
62
39
30
43
72
13
35
40
21
3
18
81
34
16
48
18
73
64
23
82
77
2
80
69
51
25
8
85
7
43
19
48
31
85
2
62
16
44
44
16
47
64
60
20
38
12
85
74
41
2
9
80
1
73
22
60
45
47
77
48
5
35
34
64
70
55
50
35
14
72
2
30
20
7
35
13
27
61
32
39
26
19
45
5
34
25
48
43
63
27
18
55
52
82
12
12
31
82
36
68
48
50
61
55
1
65
60
80
39
9
33
70
16
39
22
71
76
30
31
45
8
7
57
72
54
33
64
23
80
23
68
31
25
49
77
61
44
75
5
55
50
53
5
54
80
34
39
14
60
26
22
1
51
76
61
41
79
74
1
53
1
37
85
16
26
3
45
52
47
47
28
1
26
62
80
40
3
3
78
21
79
51
49
55
2
68
65
34
73
36
68
56
75
37
54
14
53
75
29
77
74
72
52
14
84
21
61
75
81
21
39
76
81
66
59
36
74
31
14
44
23
11
64
11
64
57
12
74
8
67
73
13
60
2
32
7
84
35
56
67
7
76
39
53
83
78
61
10
64
19
25
23
62
70
55
64
9
41
35
28
9
73
67
15
34
26
16
80
34
52
37
39
60
32
37
33
58
12
14
72
82
3
10
75
42
51
37
76
33
54
84
43
85
29
58
20
9
24
19
57
63
66
61
12
67
71
48
30
33
22
6
82
28
49
31
7
63
78
58
69
75
26
47
66
54
80
40
32
60
18
24
34
78
43
10
16
27
84
9
56
3
7
43
11
48
3
16
37
84
52
42
17
51
36
67
38
20
81
44
72
32
16
56
16
84
58
5
71
40
15
65
65
69
3
66
68
68
37
18
51
65
3
34
8
61
8
68
42
61
58
82
32
40
22
24
73
37
28
12
76
84
30
83
69
72
63
33
49
56
85
55
68
63
78
8
30
68
48
40
77
75
48
11
67
19
34
25
47
64
79
32
41
25
28
53
35
6
50
22
84
60
19
72
62
3
15
54
48
15
80
5
74
74
21
1
37
20
16
51
39
39
72
71
62
53
15
43
36
26
59
25
18
27
42
18
56
61
35
65
5
65
63
33
70
74
43
53
4
27
17
15
75
85
69
45
73
34
10
9
74
57
19
23
41
56
72
48
33
4
31
61
71
37
47
60
62
39
2
74
10
47
40
9
9
44
35
18
44
82
30
23
51
26
76
33
46
40
77
14
2
81
21
1
82
41
30
39
39
9
69
35
32
22
84
27
18
11
14
83
21
55
5
36
59
8
11
46
46
14
15
22
47
73
72
15
27
39
12
53
15
82
65
35
14
81
76
29
27
50
16
36
27
80
79
33
76
70
27
74
31
69
78
26
80
47
73
45
36
70
85
64
84
47
68
24
75
56
23
64
18
67
19
82
83
64
81
53
79
39
24
43
12
24
22
31
4
39
40
52
9
31
79
42
50
38
37
66
13
55
43
21
47
49
57
50
51
81
29
16
52
21
51
82
46
43
52
61
25
37
21
37
16
57
56
72
73
62
33
46
28
16
40
25
82
3
81
49
52
57
66
9
11
25
85
74
66
83
81
7
71
62
41
61
35
7
6
76
78
70
63
74
49
68
74
37
66
27
1
44
48
4
9
53
57
12
26
76
57
68
7
76
67
26
61
51
60
65
75
75
83
5
56
68
80
78
45
28
36
49
8
40
83
38
45
67
54
73
5
23
66
15
19
11
64
72
8
24
8
24
62
1
37
11
46
43
33
27
59
65
53
84
41
9
60
52
79
29
66
79
82
73
61
53
10
68
72
46
4
8
70
22
21
13
72
8
4
72
77
3